 AIMExt (Version 17.11.14, Standard)
 Portions Copyright (c) 1997-2017 by Todd A. Keith
 AIMExt is a component of the AIMAll package ( http://aim.tkgristmill.com )

 TP:  64-bit Linux

 AIMExt is a heavily modified and extended version of the EXTREME program
 developed by members of R.F.W. Bader's research group

 Much of the Quantum Theory of Atoms in Molecules (QTAIM) is described in the book:
   "Atoms in Molecules - A Quantum Theory"
   R.F.W. Bader, Oxford University Press, Oxford, 1990

 For additional references see:  http://aim.tkgristmill.com/references.html

 Wfn File:  /home/serge/work/N15/Opt/CCC-CB-mp2-cpv3.wfn
 ExtOut File:  /home/serge/work/N15/Opt/CCC-CB-mp2-cpv3.extout
 Mgp File:  /home/serge/work/N15/Opt/CCC-CB-mp2-cpv3.mgp

 Wfn Title:  Name  CCC-CB-mp2-cpv3    Run Type  GeometryOpt    Method  HFGTO    Basis Set  G
 Job Title:  Auto                                                                           
 
Nuclear Charges and Cartesian Coordinates:
-------------------------------------------------------------------------------
Atom      Charge                X                  Y                  Z
-------------------------------------------------------------------------------
C1         6.0           5.4275730000E-02  -2.7585300000E-03   2.9779851000E+00
C2         6.0           4.1199200000E-03  -2.3469808300E+00   1.3092768300E+00
C3         6.0           1.8029690000E-02   2.3429869500E+00   1.3110926000E+00
C4         6.0          -2.4026114700E+00  -2.3778219000E+00  -3.3783721000E-01
C5         6.0          -2.3882941800E+00   2.3892208100E+00  -3.3626261000E-01
C6         6.0           2.3959860800E+00  -2.3812769400E+00  -2.9848595000E-01
C7         6.0           2.4100282700E+00   2.3646139500E+00  -2.9660154000E-01
C8         6.0          -3.9787262400E+00   1.0362990000E-02  -4.1661630000E-02
C9         6.0           2.6290903800E+00  -8.3372300000E-03  -1.9016310700E+00
H10        1.0           1.7655817100E+00  -8.3129300000E-03   4.1255246400E+00
H11        1.0          -1.5348094300E+00   1.5022900000E-03   4.2826105000E+00
H12        1.0           1.7325480000E-02  -4.0172358800E+00   2.5088593400E+00
H13        1.0           4.0954020000E-02   4.0121639200E+00   2.5120429300E+00
H14        1.0          -1.8817802500E+00  -2.5904826000E+00  -2.3176401100E+00
H15        1.0          -3.5550164500E+00  -4.0124170600E+00   1.2837199000E-01
H16        1.0          -3.5309132700E+00   4.0304521900E+00   1.3070518000E-01
H17        1.0          -1.8660034100E+00   2.5998027200E+00  -2.3159002900E+00
H18        1.0           4.0324411100E+00  -2.5137472100E+00   9.4827501000E-01
H19        1.0           2.4123858900E+00  -4.0531657800E+00  -1.4981424500E+00
H20        1.0           2.4361825300E+00   4.0372964600E+00  -1.4949780800E+00
H21        1.0           4.0473086500E+00   2.4865696000E+00   9.5016619000E-01
H22        1.0          -5.5198769000E+00   1.5483530000E-02  -1.4004821800E+00
H23        1.0          -4.8525794100E+00   1.2454880000E-02   1.8197252700E+00
H24        1.0           1.1585575200E+00  -3.3730300000E-03  -3.3404252600E+00
H25        1.0           4.4148865100E+00  -1.3210870000E-02  -2.9175147800E+00

Total number of electron density critical points found =     53

Electron Density Critical Point Analysis of Molecular Structure:
---------------------------------------------------------------
  NACP = Nuclear Attractor Critical Point
  NNACP = Non-Nuclear Attractor Critical Point
  BCP = Bond Critical Point
  RCP = Ring Critical Point
  CCP = Cage Critical Point
  Rho = Electron Density
  GradRho = Gradient of Electron Density
  HessRho_EigVals = Eigenvalues of the Hessian of Rho, Ascending Order
  HessRho_EigVecs = Eigenvectors of the Hessian of Rho
  DelSqRho = Laplacian of Rho = Trace of Hessian of Rho
  Bond Ellipticity = (HessRho_EigVal(1) / HessRho_EigVal(2)) - 1
  V = Virial Field = Potential Energy Density = Trace of Stress Tensor
  G = Lagrangian Form of Kinetic Energy Density
  K = Hamiltonian Form of Kinetic Energy Density
  L = K - G = Lagrangian Density = (-1/4)DelSqRho
  Vnuc = Electrostatic Potential from Nuclei
  Ven = Electron-nuclear attractive contribution to Virial Field V
  Vrep = V - Ven = Repulsive contribution to Virial Field V
  DelSqV = Laplacian of V
  DelSqVen = Laplacian of Ven
  DelSqVrep = Laplacian of Vrep
  DelSqG = Laplacian of G
  DelSqK = Laplacian of K
  Stress_EigVals = Eigenvalues of Stress Tensor, Ascending Order
  Stress_EigVecs = Eigenvectors of Stress Tensor
  -DivStress = Ehrenfest Force Density = Minus Divergence of Stress Tensor
  ESP = Total Electrostatic Potential
  ESPe = Electrostatic Potential from Electrons
  ESPn = Electrostatic Potential from Nuclei
  BP = Bond Path
  BPL = Bond Path Length
  GBL = Geometric Bond Length
  GBL_I = Distance Between Nuclear Attractors
  GBL_II = Distance Between Nuclei
  GBL_III = Sum of Distances Between BCP and Nuclear Attractors
  GBL_IV = Sum of Distances Between BCP and Nuclei

CP# 1      Coords =  5.42756510422937E-02 -2.75852845282753E-03  2.97798453953364E+00
           Type = (3,-3) NACP C1
           Rho =  1.2074470864E+02     Rho at Nucleus =  1.2074470860E+02
           GradRho = -2.9465929696E-11  6.2791612188E-13 -2.2089441387E-10
           HessRho_EigVals = -2.4750844153E+05 -2.4750831722E+05 -2.4750788580E+05
           HessRho_EigVec1 =  1.0782380746E-01 -1.9978143250E-04  9.9416999886E-01
           HessRho_EigVec2 =  4.1935814094E-04  9.9999989998E-01  1.5547101728E-04
           HessRho_EigVec3 =  9.9416993049E-01 -4.0014980547E-04 -1.0782388045E-01
           DelSqRho = -7.4252464456E+05
           Bond Ellipticity = NA
           V = -1.8564543062E+05
           G =  7.1347425813E+00
           K =  1.8563829588E+05
           L =  1.8563116114E+05
           Vnuc =  1.0600667877E+07
           Ven = -1.2799745542E+09
           Vrep =  1.2797889088E+09
           DelSqV =  1.1167272772E+10
           DelSqVen =  7.8712573788E+12
           DelSqVrep = -7.8600901060E+12
           DelSqG =  3.8054466727E+08
           DelSqK = -1.1547817439E+10
           Stress_EigVals = -6.1881877772E+04 -6.1881797310E+04 -6.1881755543E+04
           Stress_EigVec1 =  9.8470224596E-01 -5.5102432882E-03 -1.7415833035E-01
           Stress_EigVec2 =  1.7414981520E-01 -1.9928312155E-03  9.8471715253E-01
           Stress_EigVec3 =  5.7730992376E-03  9.9998283277E-01  1.0027375233E-03
           -DivStress =  2.8855387016E+02 -5.6340903976E+00  2.0521092954E+03
           ESP =  -1.4490940068E+01     ESP at Nucleus =  -1.4490940080E+01
           ESPe = -2.9472182537E+01     ESPe at Nucleus = -2.9472181513E+01
           ESPn =  1.4981242470E+01     ESPn at Nucleus =  1.4981241433E+01

CP# 2      Coords =  4.11981889894693E-03 -2.34698019446430E+00  1.30927625391959E+00
           Type = (3,-3) NACP C2
           Rho =  1.2067247074E+02     Rho at Nucleus =  1.2067247065E+02
           GradRho = -9.0443208478E-11  5.0767325066E-10 -5.1462800688E-10
           HessRho_EigVals = -2.4732592175E+05 -2.4732575509E+05 -2.4732531695E+05
           HessRho_EigVec1 =  6.9463316940E-01  2.9125965777E-01  6.5776330981E-01
           HessRho_EigVec2 = -7.1618746813E-01  3.6584008334E-01  5.9433706254E-01
           HessRho_EigVec3 =  6.7529774644E-02  8.8392807693E-01 -4.6272117345E-01
           DelSqRho = -7.4197699379E+05
           Bond Ellipticity = NA
           V = -1.8550827640E+05
           G =  7.0139789666E+00
           K =  1.8550126243E+05
           L =  1.8549424845E+05
           Vnuc =  6.9467883116E+06
           Ven = -8.3828610929E+08
           Vrep =  8.3810060101E+08
           DelSqV =  1.1158967790E+10
           DelSqVen =  5.1543574446E+12
           DelSqVrep = -5.1431984768E+12
           DelSqG =  3.8021047879E+08
           DelSqK = -1.1539178269E+10
           Stress_EigVals = -6.1836187569E+04 -6.1836073816E+04 -6.1836015020E+04
           Stress_EigVec1 =  9.2174004659E-02  8.0804169299E-01 -5.8186989547E-01
           Stress_EigVec2 = -3.4620703836E-01  5.7390644128E-01  7.4214020458E-01
           Stress_EigVec3 =  9.3361910834E-01  1.3304141854E-01  3.3264897639E-01
           -DivStress =  3.6865820609E+02 -2.3253411672E+03  2.1069961161E+03
           ESP =  -1.4469772622E+01     ESP at Nucleus =  -1.4469772638E+01
           ESPe = -3.0016428281E+01     ESPe at Nucleus = -3.0016426995E+01
           ESPn =  1.5546655659E+01     ESPn at Nucleus =  1.5546654357E+01

CP# 3      Coords =  1.80295875306353E-02  2.34298631902077E+00  1.31109202256603E+00
           Type = (3,-3) NACP C3
           Rho =  1.2067261237E+02     Rho at Nucleus =  1.2067261228E+02
           GradRho = -9.1340462971E-11 -5.5287434353E-10 -5.0788340200E-10
           HessRho_EigVals = -2.4732643292E+05 -2.4732626712E+05 -2.4732582865E+05
           HessRho_EigVec1 =  6.9199883731E-01 -2.9591106269E-01  6.5846355415E-01
           HessRho_EigVec2 = -7.1912415876E-01 -3.6245684101E-01  5.9286211103E-01
           HessRho_EigVec3 = -6.3230162451E-02  8.8377694097E-01  4.6361650657E-01
           DelSqRho = -7.4197852869E+05
           Bond Ellipticity = NA
           V = -1.8550865999E+05
           G =  7.0139105333E+00
           K =  1.8550164608E+05
           L =  1.8549463217E+05
           Vnuc =  6.9651635467E+06
           Ven = -8.4050448075E+08
           Vrep =  8.4031897209E+08
           DelSqV =  1.1158991420E+10
           DelSqVen =  5.1680017121E+12
           DelSqVrep = -5.1568427207E+12
           DelSqG =  3.8021160572E+08
           DelSqK = -1.1539203025E+10
           Stress_EigVals = -6.1836315529E+04 -6.1836201735E+04 -6.1836142729E+04
           Stress_EigVec1 = -8.7000171585E-02  8.0767183643E-01  5.8317851022E-01
           Stress_EigVec2 = -3.5189368918E-01 -5.7257599209E-01  7.4049143465E-01
           Stress_EigVec3 =  9.3198809094E-01 -1.4079395554E-01  3.3402883172E-01
           -DivStress =  3.7362218233E+02  2.3086660652E+03  2.1118936176E+03
           ESP =  -1.4469771149E+01     ESP at Nucleus =  -1.4469771165E+01
           ESPe = -3.0016553081E+01     ESPe at Nucleus = -3.0016551800E+01
           ESPn =  1.5546781932E+01     ESPn at Nucleus =  1.5546780635E+01

CP# 4      Coords = -2.40261107577970E+00 -2.37782150124858E+00 -3.37836780623328E-01
           Type = (3,-3) NACP C4
           Rho =  1.2072440264E+02     Rho at Nucleus =  1.2072440258E+02
           GradRho =  1.8419527015E-10  1.9362389470E-10  2.4960006284E-10
           HessRho_EigVals = -2.4745181084E+05 -2.4745149446E+05 -2.4745100610E+05
           HessRho_EigVec1 =  8.2879416047E-01 -2.6598817808E-01  4.9229110157E-01
           HessRho_EigVec2 = -4.0129217009E-02  8.4927273264E-01  5.2642708094E-01
           HessRho_EigVec3 = -5.5811278924E-01 -4.5605494704E-01  6.9319838414E-01
           DelSqRho = -7.4235431140E+05
           Bond Ellipticity = NA
           V = -1.8560282147E+05
           G =  7.1218100828E+00
           K =  1.8559569966E+05
           L =  1.8558857785E+05
           Vnuc =  8.4956951065E+06
           Ven = -1.0256377168E+09
           Vrep =  1.0254521140E+09
           DelSqV =  1.1164678336E+10
           DelSqVen =  6.3068174090E+12
           DelSqVrep = -6.2956527307E+12
           DelSqG =  3.8043403091E+08
           DelSqK = -1.1545112367E+10
           Stress_EigVals = -6.1867709687E+04 -6.1867592729E+04 -6.1867519054E+04
           Stress_EigVec1 =  5.2777053731E-01  5.3451959561E-01 -6.6011140109E-01
           Stress_EigVec2 = -4.6137727731E-02  7.9405547360E-01  6.0609175455E-01
           Stress_EigVec3 =  8.4813299077E-01 -2.8942133086E-01  4.4374060352E-01
           -DivStress = -1.4392748552E+03 -1.4626447264E+03 -1.5758679690E+03
           ESP =  -1.4497503666E+01     ESP at Nucleus =  -1.4497503679E+01
           ESPe = -2.8853969691E+01     ESPe at Nucleus = -2.8853968573E+01
           ESPn =  1.4356466025E+01     ESPn at Nucleus =  1.4356464894E+01

CP# 5      Coords = -2.38829378752731E+00  2.38922040637321E+00 -3.36262179803348E-01
           Type = (3,-3) NACP C5
           Rho =  1.2072443906E+02     Rho at Nucleus =  1.2072443899E+02
           GradRho =  2.1651236359E-10 -2.8582169964E-10  2.5640256585E-10
           HessRho_EigVals = -2.4745220585E+05 -2.4745188724E+05 -2.4745139970E+05
           HessRho_EigVec1 =  8.2993321407E-01  2.6164969071E-01  4.9269696522E-01
           HessRho_EigVec2 =  4.5898918863E-02  8.4816567329E-01 -5.2773883683E-01
           HessRho_EigVec3 = -5.5597135667E-01  4.6060224707E-01  6.9191142537E-01
           DelSqRho = -7.4235549279E+05
           Bond Ellipticity = NA
           V = -1.8560311705E+05
           G =  7.1219249950E+00
           K =  1.8559599512E+05
           L =  1.8558887320E+05
           Vnuc =  8.4682193850E+06
           Ven = -1.0223210351E+09
           Vrep =  1.0221354319E+09
           DelSqV =  1.1164696938E+10
           DelSqVen =  6.2864299459E+12
           DelSqVrep = -6.2752652489E+12
           DelSqG =  3.8043512928E+08
           DelSqK = -1.1545132068E+10
           Stress_EigVals = -6.1867808156E+04 -6.1867691330E+04 -6.1867617560E+04
           Stress_EigVec1 = -5.2501697232E-01  5.3643989354E-01  6.6074913500E-01
           Stress_EigVec2 = -5.0177841061E-02 -7.9451414134E-01  6.0516895449E-01
           Stress_EigVec3 =  8.4961130115E-01  2.8456900715E-01  4.4405080467E-01
           -DivStress = -1.4327950816E+03  1.4804269026E+03 -1.5788058767E+03
           ESP =  -1.4497498915E+01     ESP at Nucleus =  -1.4497498928E+01
           ESPe = -2.8854230911E+01     ESPe at Nucleus = -2.8854229789E+01
           ESPn =  1.4356731997E+01     ESPn at Nucleus =  1.4356730861E+01

CP# 6      Coords =  2.39598591754444E+00 -2.38127646580264E+00 -2.98486022249398E-01
           Type = (3,-3) NACP C6
           Rho =  1.2073808646E+02     Rho at Nucleus =  1.2073808643E+02
           GradRho = -7.0402517149E-11  1.1200151917E-10 -2.2447155246E-11
           HessRho_EigVals = -2.4748263002E+05 -2.4748246733E+05 -2.4748206988E+05
           HessRho_EigVec1 =  4.9959556543E-01  4.4998438930E-01 -7.4021505010E-01
           HessRho_EigVec2 =  6.8608895536E-01 -7.2721501509E-01  2.0982544370E-02
           HessRho_EigVec3 =  5.2885368141E-01  5.1833615658E-01  6.7204271623E-01
           DelSqRho = -7.4244716723E+05
           Bond Ellipticity = NA
           V = -1.8562603073E+05
           G =  7.1194604848E+00
           K =  1.8561891127E+05
           L =  1.8561179181E+05
           Vnuc =  1.1847571131E+07
           Ven = -1.4304530675E+09
           Vrep =  1.4302674415E+09
           DelSqV =  1.1166073146E+10
           DelSqVen =  8.7961947341E+12
           DelSqVrep = -8.7850286609E+12
           DelSqG =  3.8048611168E+08
           DelSqK = -1.1546559258E+10
           Stress_EigVals = -6.1875419510E+04 -6.1875321671E+04 -6.1875289548E+04
           Stress_EigVec1 =  4.1180092541E-01  4.8300212020E-01  7.7274119194E-01
           Stress_EigVec2 = -6.3801018394E-01  7.5828518434E-01 -1.3396486257E-01
           Stress_EigVec3 =  6.5066350983E-01  4.3784989563E-01 -6.2042281218E-01
           -DivStress =  6.0007125896E+02 -1.7386558047E+03  2.6455241339E+02
           ESP =  -1.4499933020E+01     ESP at Nucleus =  -1.4499933030E+01
           ESPe = -2.8741886458E+01     ESPe at Nucleus = -2.8741885683E+01
           ESPn =  1.4241953439E+01     ESPn at Nucleus =  1.4241952653E+01

CP# 7      Coords =  2.41002811005336E+00  2.36461346818939E+00 -2.96601617491435E-01
           Type = (3,-3) NACP C7
           Rho =  1.2073879056E+02     Rho at Nucleus =  1.2073879053E+02
           GradRho = -1.8406609570E-11 -1.9295065545E-10 -3.0410785001E-11
           HessRho_EigVals = -2.4748482337E+05 -2.4748466124E+05 -2.4748426377E+05
           HessRho_EigVec1 = -4.9512383673E-01  4.5294392654E-01  7.4141364009E-01
           HessRho_EigVec2 =  6.9209891575E-01  7.2148471179E-01  2.1421985533E-02
           HessRho_EigVec3 =  5.2521564820E-01 -5.2373811210E-01  6.7070627910E-01
           DelSqRho = -7.4245374839E+05
           Bond Ellipticity = NA
           V = -1.8562767598E+05
           G =  7.1194412476E+00
           K =  1.8562055654E+05
           L =  1.8561343710E+05
           Vnuc =  1.1683489573E+07
           Ven = -1.4106504006E+09
           Vrep =  1.4104647729E+09
           DelSqV =  1.1166173851E+10
           DelSqVen =  8.6744487690E+12
           DelSqVrep = -8.6632825952E+12
           DelSqG =  3.8049063991E+08
           DelSqK = -1.1546664491E+10
           Stress_EigVals = -6.1875967924E+04 -6.1875870103E+04 -6.1875837951E+04
           Stress_EigVec1 =  4.0901526698E-01 -4.8507125954E-01  7.7292456588E-01
           Stress_EigVec2 =  6.4441114895E-01  7.5324988624E-01  1.3171514716E-01
           Stress_EigVec3 =  6.4609657366E-01 -4.4420770147E-01 -6.2067603101E-01
           -DivStress =  5.9091833594E+02  1.7664676050E+03  2.8361736093E+02
           ESP =  -1.4499951441E+01     ESP at Nucleus =  -1.4499951452E+01
           ESPe = -2.8741910918E+01     ESPe at Nucleus = -2.8741910140E+01
           ESPn =  1.4241959477E+01     ESPn at Nucleus =  1.4241958688E+01

CP# 8      Coords = -3.97872569332751E+00  1.03629955296764E-02 -4.16617830651790E-02
           Type = (3,-3) NACP C8
           Rho =  1.2072174772E+02     Rho at Nucleus =  1.2072174768E+02
           GradRho =  1.8123541556E-10  1.9456649833E-12 -5.7961857536E-11
           HessRho_EigVals = -2.4745599718E+05 -2.4745579666E+05 -2.4745533816E+05
           HessRho_EigVec1 =  1.9340221299E-03  9.9999720856E-01  1.3573586888E-03
           HessRho_EigVec2 =  9.7777446544E-01 -1.6064671850E-03 -2.0965331857E-01
           HessRho_EigVec3 =  2.0965055279E-01 -1.7326648241E-03  9.7777484299E-01
           DelSqRho = -7.4236713200E+05
           Bond Ellipticity = NA
           V = -1.8560605462E+05
           G =  7.1358092232E+00
           K =  1.8559891881E+05
           L =  1.8559178300E+05
           Vnuc =  1.0568532885E+07
           Ven = -1.2758517607E+09
           Vrep =  1.2756661546E+09
           DelSqV =  1.1164901282E+10
           DelSqVen =  7.8457308447E+12
           DelSqVrep = -7.8345659434E+12
           DelSqG =  3.8045561471E+08
           DelSqK = -1.1545356897E+10
           Stress_EigVals = -6.1868770714E+04 -6.1868672559E+04 -6.1868611345E+04
           Stress_EigVec1 =  1.9088682318E-01 -6.6563761687E-04  9.8161182637E-01
           Stress_EigVec2 =  9.8159574184E-01 -5.6352111507E-03 -1.9088751662E-01
           Stress_EigVec3 =  5.6586518212E-03  9.9998390053E-01 -4.2230050418E-04
           -DivStress = -2.0071381339E+03 -2.0192211040E+01  5.6013187177E+02
           ESP =  -1.4503527775E+01     ESP at Nucleus =  -1.4503527789E+01
           ESPe = -2.8387932540E+01     ESPe at Nucleus = -2.8387931625E+01
           ESPn =  1.3884404765E+01     ESPn at Nucleus =  1.3884403836E+01

CP# 9      Coords =  2.62909013787988E+00 -8.33722570827886E-03 -1.90163043085126E+00
           Type = (3,-3) NACP C9
           Rho =  1.2071107555E+02     Rho at Nucleus =  1.2071107549E+02
           GradRho = -1.6411577652E-10  2.3865336790E-12  3.5241842777E-10
           HessRho_EigVals = -2.4742914080E+05 -2.4742896890E+05 -2.4742853980E+05
           HessRho_EigVec1 =  2.0944651015E-03  9.9999769279E-01 -4.7711084188E-04
           HessRho_EigVec2 = -1.9600463007E-01  8.7838300495E-04  9.8060257670E-01
           HessRho_EigVec3 =  9.8060073333E-01 -1.9603219413E-03  1.9600601759E-01
           DelSqRho = -7.4228664950E+05
           Bond Ellipticity = NA
           V = -1.8558595604E+05
           G =  7.1468301767E+00
           K =  1.8557880921E+05
           L =  1.8557166238E+05
           Vnuc =  8.7785541829E+06
           Ven = -1.0596687172E+09
           Vrep =  1.0594831313E+09
           DelSqV =  1.1163683278E+10
           DelSqVen =  6.5162014884E+12
           DelSqVrep = -6.5050378051E+12
           DelSqG =  3.8040681725E+08
           DelSqK = -1.1544090095E+10
           Stress_EigVals = -6.1862060291E+04 -6.1861987812E+04 -6.1861907933E+04
           Stress_EigVec1 =  9.9581985491E-01 -4.5907145679E-03  9.1223582010E-02
           Stress_EigVec2 = -9.1232158301E-02 -1.6943600873E-03  9.9582820930E-01
           Stress_EigVec3 =  4.4169974712E-03  9.9998802717E-01  2.1060982145E-03
           -DivStress =  8.8095760293E+02 -1.5612775540E+01 -2.3415763219E+03
           ESP =  -1.4500116555E+01     ESP at Nucleus =  -1.4500116569E+01
           ESPe = -2.8687415320E+01     ESPe at Nucleus = -2.8687414211E+01
           ESPn =  1.4187298765E+01     ESPn at Nucleus =  1.4187297642E+01

CP# 10     Coords =  1.74000932524185E+00 -8.23009886078816E-03  4.10799022721376E+00
           Type = (3,-3) NACP H10
           Rho =  4.2626749711E-01     Rho at Nucleus =  4.2243693244E-01
           GradRho = -6.8018507493E-15  2.8839777788E-17 -2.3800406090E-15
           HessRho_EigVals = -8.4463746506E+00 -8.4444011859E+00 -7.6853247467E+00
           HessRho_EigVec1 =  1.9458537790E-03  9.9999633466E-01  1.8826347772E-03
           HessRho_EigVec2 = -5.6447889871E-01 -4.5562420263E-04  8.2544737283E-01
           HessRho_EigVec3 =  8.2544520506E-01 -2.6689074955E-03  5.6447594313E-01
           DelSqRho = -2.4576100583E+01
           Bond Ellipticity = NA
           V = -6.1607647623E+00
           G =  8.3698082507E-03
           K =  6.1523949540E+00
           L =  6.1440251458E+00
           Vnuc =  4.6721036204E+01
           Ven = -1.9915659165E+01
           Vrep =  1.3754894403E+01
           DelSqV =  1.5787845338E+03
           DelSqVen =  1.1482208851E+03
           DelSqVrep =  4.3056364869E+02
           DelSqG =  1.1862017062E+02
           DelSqK = -1.6974047044E+03
           Stress_EigVals = -2.1183550656E+00 -2.1176658483E+00 -1.9247438484E+00
           Stress_EigVec1 =  2.6054182533E-03  9.9999618342E-01  9.1920271296E-04
           Stress_EigVec2 = -5.6388329622E-01  7.1002714124E-04  8.2585417847E-01
           Stress_EigVec3 =  8.2585037388E-01 -2.6700186069E-03  5.6388299404E-01
           -DivStress =  1.3106110403E+01 -4.2458311630E-02  8.9865771787E+00
           ESP =  -9.1546396515E-01     ESP at Nucleus =  -9.1772020042E-01
           ESPe = -1.5385303906E+01     ESPe at Nucleus = -1.5299325097E+01
           ESPn =  1.4469839941E+01     ESPn at Nucleus =  1.4381604896E+01

CP# 11     Coords = -1.51097091125491E+00  1.43875310148035E-03  4.26257911038486E+00
           Type = (3,-3) NACP H11
           Rho =  4.2862189061E-01     Rho at Nucleus =  4.2474080052E-01
           GradRho =  4.8658993501E-16 -1.8973538018E-18  3.0461744238E-15
           HessRho_EigVals = -8.4897071461E+00 -8.4867470527E+00 -7.7189601915E+00
           HessRho_EigVec1 =  2.8304131404E-03  9.9999597295E-01  2.0699942636E-04
           HessRho_EigVec2 =  6.4252190830E-01 -1.9772267812E-03  7.6626476359E-01
           HessRho_EigVec3 =  7.6626208709E-01 -2.0358441895E-03 -6.4252491720E-01
           DelSqRho = -2.4695414390E+01
           Bond Ellipticity = NA
           V = -6.1907806662E+00
           G =  8.4635343354E-03
           K =  6.1823171319E+00
           L =  6.1738535976E+00
           Vnuc =  4.6687131880E+01
           Ven = -2.0011126734E+01
           Vrep =  1.3820346067E+01
           DelSqV =  1.5859118064E+03
           DelSqVen =  1.1529580685E+03
           DelSqVrep =  4.3295373797E+02
           DelSqG =  1.1912314124E+02
           DelSqK = -1.7050349477E+03
           Stress_EigVals = -2.1292177221E+00 -2.1284425751E+00 -1.9331203691E+00
           Stress_EigVec1 =  3.0722178245E-03  9.9999515826E-01  4.9489947217E-04
           Stress_EigVec2 =  6.4248595539E-01 -2.3531066177E-03  7.6629384704E-01
           Stress_EigVec3 =  7.6629130140E-01 -2.0362556555E-03 -6.4249007390E-01
           -DivStress = -1.2275881078E+01  3.2722020127E-02  1.0315562496E+01
           ESP =  -9.1602977961E-01     ESP at Nucleus =  -9.1829482369E-01
           ESPe = -1.5487407586E+01     ESPe at Nucleus = -1.5402051476E+01
           ESPn =  1.4571377806E+01     ESPn at Nucleus =  1.4483756652E+01

CP# 12     Coords =  1.71016784919638E-02 -3.99205247112934E+00  2.49074458103287E+00
           Type = (3,-3) NACP H12
           Rho =  4.3177803326E-01     Rho at Nucleus =  4.2789268138E-01
           GradRho = -4.7704895589E-17  4.9660796309E-15 -3.6047553831E-15
           HessRho_EigVals = -8.5623668032E+00 -8.5601242314E+00 -7.7867860050E+00
           HessRho_EigVec1 =  9.1390801540E-01  2.4289982144E-01  3.2522579253E-01
           HessRho_EigVec2 = -4.0584484958E-01  5.3121773235E-01  7.4370537104E-01
           HessRho_EigVec3 = -7.8801938218E-03  8.1166951254E-01 -5.8406378501E-01
           DelSqRho = -2.4909277040E+01
           Bond Ellipticity = NA
           V = -6.2443200538E+00
           G =  8.5003969387E-03
           K =  6.2358196568E+00
           L =  6.2273192599E+00
           Vnuc =  4.6547692502E+01
           Ven = -2.0098271121E+01
           Vrep =  1.3853951068E+01
           DelSqV =  1.6001204977E+03
           DelSqVen =  1.1594693681E+03
           DelSqVrep =  4.4065112961E+02
           DelSqG =  1.2030558586E+02
           DelSqK = -1.7204260836E+03
           Stress_EigVals = -2.1472210113E+00 -2.1469512692E+00 -1.9501477733E+00
           Stress_EigVec1 =  9.1783131590E-01  2.3792985973E-01  3.1776572724E-01
           Stress_EigVec2 = -3.9688791582E-01  5.3366103392E-01  7.4678369235E-01
           Stress_EigVec3 = -8.1029526233E-03  8.1153883624E-01 -5.8424229514E-01
           -DivStress =  1.1583294675E-01 -1.3081240148E+01  9.4096617554E+00
           ESP =  -9.2448430319E-01     ESP at Nucleus =  -9.2687720389E-01
           ESPe = -1.5237561268E+01     ESPe at Nucleus = -1.5144335198E+01
           ESPn =  1.4313076964E+01     ESPn at Nucleus =  1.4217457994E+01

CP# 13     Coords =  4.05839405323797E-02  3.98699820443612E+00  2.49390791863893E+00
           Type = (3,-3) NACP H13
           Rho =  4.3177935439E-01     Rho at Nucleus =  4.2789424278E-01
           GradRho = -7.5460471205E-17 -3.8051159446E-15 -2.6159630018E-15
           HessRho_EigVals = -8.5624326435E+00 -8.5601787947E+00 -7.7868902105E+00
           HessRho_EigVec1 =  9.1349818363E-01 -2.4716371177E-01  3.2315811622E-01
           HessRho_EigVec2 = -4.0664750156E-01 -5.3008981624E-01  7.4407163378E-01
           HessRho_EigVec3 =  1.2604680387E-02  8.1111952652E-01  5.8474459016E-01
           DelSqRho = -2.4909501649E+01
           Bond Ellipticity = NA
           V = -6.2443764958E+00
           G =  8.5005417956E-03
           K =  6.2358759540E+00
           L =  6.2273754122E+00
           Vnuc =  4.6548919200E+01
           Ven = -2.0098862279E+01
           Vrep =  1.3854485784E+01
           DelSqV =  1.6001398545E+03
           DelSqVen =  1.1595103796E+03
           DelSqVrep =  4.4062947494E+02
           DelSqG =  1.2030737863E+02
           DelSqK = -1.7204472331E+03
           Stress_EigVals = -2.1472375950E+00 -2.1469649890E+00 -1.9501739117E+00
           Stress_EigVec1 =  9.1882717260E-01 -2.4031954921E-01  3.1305453385E-01
           Stress_EigVec2 = -3.9445178897E-01 -5.3343246008E-01  7.4823632410E-01
           Stress_EigVec3 =  1.2822365979E-02  8.1098478703E-01  5.8492671518E-01
           -DivStress =  1.9183878654E-01  1.3072194514E+01  9.4202885862E+00
           ESP =  -9.2448961921E-01     ESP at Nucleus =  -9.2688241366E-01
           ESPe = -1.5237623837E+01     ESPe at Nucleus = -1.5144401107E+01
           ESPn =  1.4313134218E+01     ESPn at Nucleus =  1.4217518693E+01

CP# 14     Coords = -1.88939360765663E+00 -2.58700451847977E+00 -2.28780447004542E+00
           Type = (3,-3) NACP H14
           Rho =  4.2819882333E-01     Rho at Nucleus =  4.2435582881E-01
           GradRho = -3.5549254512E-14  1.7911019889E-14  1.4351237212E-13
           HessRho_EigVals = -8.4857141300E+00 -8.4820045979E+00 -7.7201317771E+00
           HessRho_EigVec1 =  8.8948034805E-01 -3.6875831715E-01  2.6989259709E-01
           HessRho_EigVec2 =  3.8506170374E-01  9.2285501551E-01 -8.1304778089E-03
           HessRho_EigVec3 = -2.4607355556E-01  1.1115720349E-01  9.6285610626E-01
           DelSqRho = -2.4687850505E+01
           Bond Ellipticity = NA
           V = -6.1892498671E+00
           G =  8.6436204510E-03
           K =  6.1806062467E+00
           L =  6.1719626262E+00
           Vnuc =  4.7123480109E+01
           Ven = -2.0178218734E+01
           Vrep =  1.3988968867E+01
           DelSqV =  1.5859651602E+03
           DelSqVen =  1.1633774322E+03
           DelSqVrep =  4.2258772798E+02
           DelSqG =  1.1917091303E+02
           DelSqK = -1.7051360732E+03
           Stress_EigVals = -2.1281722836E+00 -2.1275058663E+00 -1.9335717172E+00
           Stress_EigVec1 =  8.7109240583E-01 -4.1027506358E-01  2.6994887055E-01
           Stress_EigVec2 =  4.2496788279E-01  9.0519762724E-01  4.4220175710E-03
           Stress_EigVec3 = -2.4617132064E-01  1.1086761406E-01  9.6286450399E-01
           -DivStress =  3.9186741581E+00 -1.7904310973E+00 -1.5359576697E+01
           ESP =  -9.1250699384E-01     ESP at Nucleus =  -9.1463532812E-01
           ESPe = -1.5764918812E+01     ESPe at Nucleus = -1.5688898510E+01
           ESPn =  1.4852411818E+01     ESPn at Nucleus =  1.4774263182E+01

CP# 15     Coords = -3.53750329982127E+00 -3.98747289206792E+00  1.21488141960721E-01
           Type = (3,-3) NACP H15
           Rho =  4.2912612538E-01     Rho at Nucleus =  4.2520922725E-01
           GradRho =  4.5874762322E-15  4.3550232864E-15 -1.0690233421E-15
           HessRho_EigVals = -8.5114216802E+00 -8.5087133636E+00 -7.7340763594E+00
           HessRho_EigVec1 = -7.9564549823E-01  4.4702532424E-01 -4.0879897339E-01
           HessRho_EigVec2 = -2.2825964341E-01  4.0386004371E-01  8.8588633599E-01
           HessRho_EigVec3 =  5.6111119784E-01  7.9816378306E-01 -2.1929158458E-01
           DelSqRho = -2.4754211403E+01
           Bond Ellipticity = NA
           V = -6.2053759886E+00
           G =  8.4115688771E-03
           K =  6.1969644197E+00
           L =  6.1885528508E+00
           Vnuc =  4.5485465938E+01
           Ven = -1.9519001759E+01
           Vrep =  1.3313625770E+01
           DelSqV =  1.5895081964E+03
           DelSqVen =  1.1259568396E+03
           DelSqVrep =  4.6355135679E+02
           DelSqG =  1.1954974466E+02
           DelSqK = -1.7090579410E+03
           Stress_EigVals = -2.1346201020E+00 -2.1340793507E+00 -1.9366765358E+00
           Stress_EigVec1 = -8.1883758441E-01  4.9664588511E-01 -2.8783306821E-01
           Stress_EigVec2 = -1.2044670519E-01  3.4161226586E-01  9.3209101005E-01
           Stress_EigVec3 =  5.6124647132E-01  7.9789969583E-01 -2.1990560208E-01
           -DivStress = -9.0403168508E+00 -1.2876456483E+01  3.5542004831E+00
           ESP =  -9.3169649051E-01     ESP at Nucleus =  -9.3402873640E-01
           ESPe = -1.4413013305E+01     ESPe at Nucleus = -1.4324491569E+01
           ESPn =  1.3481316814E+01     ESPn at Nucleus =  1.3390462833E+01

CP# 16     Coords = -3.51354880260768E+00  4.00540571863970E+00  1.23808926365646E-01
           Type = (3,-3) NACP H16
           Rho =  4.2912106136E-01     Rho at Nucleus =  4.2520386447E-01
           GradRho =  4.1971634501E-15 -4.4846938663E-15 -1.2104033054E-15
           HessRho_EigVals = -8.5112525514E+00 -8.5085362860E+00 -7.7338494147E+00
           HessRho_EigVec1 = -7.9711795858E-01 -4.3996897236E-01 -4.1355805333E-01
           HessRho_EigVec2 = -2.3478203215E-01 -4.0517106139E-01  8.8358010864E-01
           HessRho_EigVec3 = -5.5630958781E-01  8.0141357261E-01  2.1967231992E-01
           DelSqRho = -2.4753638252E+01
           Bond Ellipticity = NA
           V = -6.2052331410E+00
           G =  8.4117889855E-03
           K =  6.1968213520E+00
           L =  6.1884095630E+00
           Vnuc =  4.5483967099E+01
           Ven = -1.9518128236E+01
           Vrep =  1.3312895095E+01
           DelSqV =  1.5894624269E+03
           DelSqVen =  1.1258936678E+03
           DelSqVrep =  4.6356875907E+02
           DelSqG =  1.1954574453E+02
           DelSqK = -1.7090081714E+03
           Stress_EigVals = -2.1345753574E+00 -2.1340370531E+00 -1.9366207304E+00
           Stress_EigVec1 = -8.2097066882E-01 -4.8930593314E-01 -2.9425646082E-01
           Stress_EigVec2 = -1.2795527326E-01 -3.4458783771E-01  9.2999283339E-01
           Stress_EigVec3 = -5.5644820872E-01  8.0114850427E-01  2.2028723321E-01
           -DivStress = -8.9633074131E+00  1.2928873309E+01  3.5604786701E+00
           ESP =  -9.3168563632E-01     ESP at Nucleus =  -9.3401802689E-01
           ESPe = -1.4413133719E+01     ESPe at Nucleus = -1.4324606265E+01
           ESPn =  1.3481448083E+01     ESPn at Nucleus =  1.3390588238E+01

CP# 17     Coords = -1.87363949592917E+00  2.59635517968793E+00 -2.28606831240941E+00
           Type = (3,-3) NACP H17
           Rho =  4.2820923852E-01     Rho at Nucleus =  4.2436641463E-01
           GradRho = -3.5612571919E-14 -1.5651542562E-14  1.4258429507E-13
           HessRho_EigVals = -8.4860248128E+00 -8.4823412948E+00 -7.7204840222E+00
           HessRho_EigVec1 =  8.9129450341E-01  3.6415056812E-01  2.7016378722E-01
           HessRho_EigVec2 = -3.8036130510E-01  9.2480056462E-01  8.3182485935E-03
           HessRho_EigVec3 = -2.4681852801E-01 -1.1017385995E-01  9.6277844534E-01
           DelSqRho = -2.4688850130E+01
           Bond Ellipticity = NA
           V = -6.1895021421E+00
           G =  8.6448048270E-03
           K =  6.1808573373E+00
           L =  6.1722125324E+00
           Vnuc =  4.7125543174E+01
           Ven = -2.0179592957E+01
           Vrep =  1.3990090815E+01
           DelSqV =  1.5860375368E+03
           DelSqVen =  1.1634754727E+03
           DelSqVrep =  4.2256206410E+02
           DelSqG =  1.1917768320E+02
           DelSqK = -1.7052152200E+03
           Stress_EigVals = -2.1282501553E+00 -2.1275909427E+00 -1.9336610440E+00
           Stress_EigVec1 =  8.7257681056E-01  4.0692698347E-01  2.7022238953E-01
           Stress_EigVec2 = -4.2147856327E-01  9.0682675764E-01 -4.5882821213E-03
           Stress_EigVec3 = -2.4691198914E-01 -1.0988931592E-01  9.6278700026E-01
           -DivStress =  3.9305395387E+00  1.7748068961E+00 -1.5358349670E+01
           ESP =  -9.1250536650E-01     ESP at Nucleus =  -9.1463356147E-01
           ESPe = -1.5765577909E+01     ESPe at Nucleus = -1.5689564461E+01
           ESPn =  1.4853072542E+01     ESPn at Nucleus =  1.4774930899E+01

CP# 18     Coords =  4.00782215868529E+00 -2.51151060216681E+00  9.29710546103482E-01
           Type = (3,-3) NACP H18
           Rho =  4.2696933744E-01     Rho at Nucleus =  4.2315306566E-01
           GradRho =  8.7256590842E-16  1.4606371668E-15 -2.0608514895E-15
           HessRho_EigVals = -8.4638991035E+00 -8.4615964502E+00 -7.7038176269E+00
           HessRho_EigVec1 =  5.4917914524E-01  5.0228113840E-01 -6.6791910022E-01
           HessRho_EigVec2 = -2.5406770513E-01  8.6174574154E-01  4.3913993003E-01
           HessRho_EigVec3 =  7.9614814428E-01 -7.1469818412E-02  6.0086620592E-01
           DelSqRho = -2.4629313181E+01
           Bond Ellipticity = NA
           V = -6.1739683793E+00
           G =  8.3200421065E-03
           K =  6.1656483372E+00
           L =  6.1573282951E+00
           Vnuc =  4.6359858408E+01
           Ven = -1.9794238028E+01
           Vrep =  1.3620269649E+01
           DelSqV =  1.5824954600E+03
           DelSqVen =  1.1418114717E+03
           DelSqVrep =  4.4068398821E+02
           DelSqG =  1.1893470673E+02
           DelSqK = -1.7014301667E+03
           Stress_EigVals = -2.1226635093E+00 -2.1219305505E+00 -1.9293743195E+00
           Stress_EigVec1 =  5.4111666265E-01  5.2947523975E-01 -6.5333661147E-01
           Stress_EigVec2 = -2.7211441934E-01  8.4535107007E-01  4.5971220467E-01
           Stress_EigVec3 =  7.9570503341E-01 -7.0975621308E-02  6.0151139723E-01
           -DivStress =  1.2644021107E+01 -1.1486990838E+00  9.5347257424E+00
           ESP =  -9.2375176635E-01     ESP at Nucleus =  -9.2596874164E-01
           ESPe = -1.4936806793E+01     ESPe at Nucleus = -1.4853785969E+01
           ESPn =  1.4013055027E+01     ESPn at Nucleus =  1.3927817227E+01

CP# 19     Coords =  2.41195295879903E+00 -4.02780454846476E+00 -1.48010674535893E+00
           Type = (3,-3) NACP H19
           Rho =  4.2747597165E-01     Rho at Nucleus =  4.2360626438E-01
           GradRho = -1.4671423798E-15  4.2969100500E-15  3.4616406963E-15
           HessRho_EigVals = -8.4719662242E+00 -8.4706533877E+00 -7.7034893615E+00
           HessRho_EigVec1 =  4.9767767284E-01  5.0843310589E-01 -7.0271808771E-01
           HessRho_EigVec2 =  8.6724572426E-01 -2.7842250970E-01  4.1275387321E-01
           HessRho_EigVec3 = -1.4205200137E-02  8.1484764400E-01  5.7950110385E-01
           DelSqRho = -2.4646108973E+01
           Bond Ellipticity = NA
           V = -6.1780204735E+00
           G =  8.2466150727E-03
           K =  6.1697738584E+00
           L =  6.1615272434E+00
           Vnuc =  4.5810359005E+01
           Ven = -1.9582827728E+01
           Vrep =  1.3404807254E+01
           DelSqV =  1.5828620719E+03
           DelSqVen =  1.1290471001E+03
           DelSqVrep =  4.5381497178E+02
           DelSqG =  1.1895624803E+02
           DelSqK = -1.7018183200E+03
           Stress_EigVals = -2.1246795538E+00 -2.1241859447E+00 -1.9291549751E+00
           Stress_EigVec1 =  4.1300625068E-01  5.3222896003E-01 -7.3902514910E-01
           Stress_EigVec2 =  9.1063271933E-01 -2.2958588119E-01  3.4356713122E-01
           Stress_EigVec3 = -1.3186636867E-02  8.1487585390E-01  5.7948550918E-01
           -DivStress =  2.2232680938E-01 -1.3034926848E+01 -9.2691995199E+00
           ESP =  -9.2848373681E-01     ESP at Nucleus =  -9.3075271391E-01
           ESPe = -1.4608678818E+01     ESPe at Nucleus = -1.4523344694E+01
           ESPn =  1.3680195081E+01     ESPn at Nucleus =  1.3592591981E+01

CP# 20     Coords =  2.43560212425318E+00  4.01192388950035E+00 -1.47696173237475E+00
           Type = (3,-3) NACP H20
           Rho =  4.2747250932E-01     Rho at Nucleus =  4.2360274580E-01
           GradRho = -8.8427529188E-16 -3.5266928267E-15  5.0220244630E-15
           HessRho_EigVals = -8.4718648966E+00 -8.4705514812E+00 -7.7033796446E+00
           HessRho_EigVec1 =  4.9328389830E-01 -5.1123267201E-01 -7.0378416489E-01
           HessRho_EigVec2 =  8.6966198666E-01  2.7221681758E-01  4.1180824807E-01
           HessRho_EigVec3 =  1.8947945384E-02  8.1519271298E-01 -5.7887979414E-01
           DelSqRho = -2.4645796022E+01
           Bond Ellipticity = NA
           V = -6.1779420150E+00
           G =  8.2465046641E-03
           K =  6.1696955103E+00
           L =  6.1614490056E+00
           Vnuc =  4.5809989640E+01
           Ven = -1.9582511223E+01
           Vrep =  1.3404569208E+01
           DelSqV =  1.5828394794E+03
           DelSqVen =  1.1290236605E+03
           DelSqVrep =  4.5381581896E+02
           DelSqG =  1.1895426634E+02
           DelSqK = -1.7017937458E+03
           Stress_EigVals = -2.1246540142E+00 -2.1241601457E+00 -1.9291278551E+00
           Stress_EigVec1 =  4.1003484393E-01 -5.3403044535E-01 -7.3938008507E-01
           Stress_EigVec2 =  9.1189360550E-01  2.2409878197E-01  3.4384558768E-01
           Stress_EigVec3 =  1.7929835846E-02  8.1522464349E-01 -5.7886725735E-01
           -DivStress =  2.9815128585E-01  1.3040546374E+01 -9.2591350669E+00
           ESP =  -9.2847810527E-01     ESP at Nucleus =  -9.3074711922E-01
           ESPe = -1.4608749113E+01     ESPe at Nucleus = -1.4523414196E+01
           ESPn =  1.3680271008E+01     ESPn at Nucleus =  1.3592667076E+01

CP# 21     Coords =  4.02267554455344E+00  2.48449087444981E+00  9.31601145046574E-01
           Type = (3,-3) NACP H21
