 AIMExt (Version 17.11.14, Standard)
 Portions Copyright (c) 1997-2017 by Todd A. Keith
 AIMExt is a component of the AIMAll package ( http://aim.tkgristmill.com )

 TP:  64-bit Linux

 AIMExt is a heavily modified and extended version of the EXTREME program
 developed by members of R.F.W. Bader's research group

 Much of the Quantum Theory of Atoms in Molecules (QTAIM) is described in the book:
   "Atoms in Molecules - A Quantum Theory"
   R.F.W. Bader, Oxford University Press, Oxford, 1990

 For additional references see:  http://aim.tkgristmill.com/references.html

 Wfn File:  /home/serge/work/N15/Opt/CCC-BB-mp2-cpv3.wfn
 ExtOut File:  /home/serge/work/N15/Opt/CCC-BB-mp2-cpv3.extout
 Mgp File:  /home/serge/work/N15/Opt/CCC-BB-mp2-cpv3.mgp

 Wfn Title:  Name  CCC-BB-mp2-cpv3    Run Type  GeometryOpt    Method  HFGTO    Basis Set  G
 Job Title:  Auto                                                                           

 The nuclear coordinates:
      C1           -1.4730000000E-05  1.8000000000E-05  2.5703817300E+00
      C2            2.3179372200E+00  6.6550000000E-05  8.6190488000E-01
      C3           -2.3179832200E+00 -1.8639000000E-04  8.6193782000E-01
      C4           -2.0356062100E+00  2.0258886500E+00 -1.2199008400E+00
      C5            2.5974843200E+00  2.6556507000E+00 -2.6105852000E-01
      C6           -2.5973323500E+00 -2.6557081700E+00 -2.6136314000E-01
      C7            2.0353579000E+00 -2.0256947600E+00 -1.2202023900E+00
      C8           -2.1666300000E-02 -3.9333017900E+00 -6.0069050000E-01
      C9            2.1834710000E-02  3.9332466100E+00 -6.0088034000E-01
      H10           3.8576420000E-02  1.6482531800E+00  3.8000113400E+00
      H11          -3.8625240000E-02 -1.6479320400E+00  3.8003837500E+00
      H12           3.9901086900E+00 -4.4083455000E-01  1.9729693800E+00
      H13          -3.9901623300E+00  4.4036064000E-01  1.9731264100E+00
      H14          -1.5978571700E+00  1.1203953200E+00 -3.0123276500E+00
      H15          -3.8300876400E+00  2.9871107300E+00 -1.4967012600E+00
      H16           3.7724519400E+00  3.8234978200E+00  9.5624041000E-01
      H17           3.5657737200E+00  2.5239993700E+00 -2.0714393300E+00
      H18          -3.7728021300E+00 -3.8236822100E+00  9.5532489000E-01
      H19          -3.5649872300E+00 -2.5236859200E+00 -2.0720633100E+00
      H20           1.5968258100E+00 -1.1199831200E+00 -3.0123304600E+00
      H21           3.8299683900E+00 -2.9864673400E+00 -1.4976994700E+00
      H22           4.9407163000E-01 -4.9106909600E+00  1.1338330500E+00
      H23          -1.3132304000E-01 -5.3764348700E+00 -2.0574892600E+00
      H24          -4.9381071000E-01  4.9114627500E+00  1.1331937500E+00
      H25           1.3160937000E-01  5.3757884300E+00 -2.0582658300E+00

 Number of primitives read from wavefunction =    767
 Number of unique primitives to be used =    695

 Using MO basis.

 Number of processors used for this job =    1

 Total memory allocated for AIMExt =        7.239 Megabytes
 
Model:  Unknown
 
   Number of electrons (from MO Occs)                   =          69.0374755600
   Number of Alpha electrons (from MO Occs)             =           0.0000000000
   Number of Beta electrons (from MO Occs)              =           0.0000000000
   Number of electron pairs (N*(N-1)/2)                 =        2348.5677780688
   Number of electron pairs (from Muller 2EDM)          =           0.0000000000

 Analyzing Rho, the electron density

 New critical point found: CP# 1     

 Number of Newton-Raphson Iterations:     1

 Coordinates of critical point and distance from molecular origin:
          X =  -1.4728074888E-05
          Y =   1.7999795219E-05
          Z =   2.5703811685E+00
          R =   2.5703811686E+00

 Vectors and distances from nuclei to critical point:
 Nucleus           X                 Y                 Z                Dist  
 C1         1.9251119342E-09 -2.0478067853E-10 -5.6150105543E-07  5.6150439289E-07
 C2        -2.3179519481E+00 -4.8550204781E-05  1.7084762885E+00  2.8795472672E+00
 C3         2.3179684919E+00  2.0438979522E-04  1.7084433485E+00  2.8795410479E+00
 C4         2.0355914819E+00 -2.0258706502E+00  3.7902820085E+00  4.7554203049E+00
 C5        -2.5974990481E+00 -2.6556327002E+00  2.8314396885E+00  4.6708068953E+00
 C6         2.5973176219E+00  2.6557261698E+00  2.8317443085E+00  4.6709438176E+00
 C7        -2.0353726281E+00  2.0257127598E+00  3.7905835585E+00  4.7554997250E+00
 C8         2.1651571925E-02  3.9333197898E+00  3.1710716685E+00  5.0524418736E+00
 C9        -2.1849438075E-02 -3.9332286102E+00  3.1712615085E+00  5.0524908959E+00
 H10       -3.8591148075E-02 -1.6482351802E+00 -1.2296301715E+00  2.0567349962E+00
 H11        3.8610511925E-02  1.6479500398E+00 -1.2300025815E+00  2.0567295534E+00
 H12       -3.9901234181E+00  4.4085254980E-01  5.9741178850E-01  4.0586126579E+00
 H13        3.9901476019E+00 -4.4034264020E-01  5.9725475850E-01  4.0585579671E+00
 H14        1.5978424419E+00 -1.1203773202E+00  5.5827088185E+00  5.9139651302E+00
 H15        3.8300729119E+00 -2.9870927302E+00  4.0670824285E+00  6.3350880791E+00
 H16       -3.7724666681E+00 -3.8234798202E+00  1.6141407585E+00  5.6085606964E+00
 H17       -3.5657884481E+00 -2.5239813702E+00  4.6418204985E+00  6.3743099041E+00
 H18        3.7727874019E+00  3.8237002098E+00  1.6150562785E+00  5.6091902140E+00
 H19        3.5649725019E+00  2.5237039198E+00  4.6424444785E+00  6.3741980790E+00
 H20       -1.5968405381E+00  1.1200011198E+00  5.5827116285E+00  5.9136259046E+00
 H21       -3.8299831181E+00  2.9864853398E+00  4.0680806385E+00  6.3353883425E+00
 H22       -4.9408635807E-01  4.9107089598E+00  1.4365481185E+00  5.1403165577E+00
 H23        1.3130831193E-01  5.3764528698E+00  4.6278704285E+00  7.0951160693E+00
 H24        4.9379598193E-01 -4.9114447502E+00  1.4371874185E+00  5.1411702639E+00
 H25       -1.3162409807E-01 -5.3757704302E+00  4.6286469985E+00  7.0951113915E+00

 Angles of vectors with respect to YZ/XZ/XY planes:
 Nucleus        YZ Angle          XZ Angle          XY Angle
 C1         1.9643836523E-01  2.0895773950E-02  8.9802453377E+01
 C2         5.3607451535E+01  9.6602780889E-04  3.6392548448E+01
 C3         5.3608174257E+01  4.0668539557E-03  3.6391825441E+01
 C4         2.5344322637E+01  2.5214796936E+01  5.2848800706E+01
 C5         3.3787448288E+01  3.4649852189E+01  3.7315189261E+01
 C6         3.3783646850E+01  3.4650085115E+01  3.7318607438E+01
 C7         2.5340951825E+01  2.5212243726E+01  5.2853554070E+01
 C8         2.4553424249E-01  5.1123329068E+01  3.8875594224E+01
 C9         2.4777570394E-01  5.1120992193E+01  3.8877911371E+01
 H10        1.0751213341E+00  5.3262499432E+01  3.6716457555E+01
 H11        1.0756637072E+00  5.3249424689E+01  3.6729513915E+01
 H12        7.9459222969E+01  6.2358565469E+00  8.4644688624E+00
 H13        7.9465240273E+01  6.2286995800E+00  8.4623425188E+00
 H14        1.5675052066E+01  1.0920457950E+01  7.0732354921E+01
 H15        3.7198685919E+01  2.8132721165E+01  3.9940596216E+01
 H16        4.2270106038E+01  4.2978361637E+01  1.6726258873E+01
 H17        3.4014308340E+01  2.3325954433E+01  4.6736335068E+01
 H18        4.2268688445E+01  4.2975446945E+01  1.6734091480E+01
 H19        3.4006138836E+01  2.3323671986E+01  4.6745587597E+01
 H20        1.5665892391E+01  1.0917379954E+01  7.0741841976E+01
 H21        3.7195605395E+01  2.8125040491E+01  3.9950097513E+01
 H22        5.5157763715E+00  7.2810398151E+01  1.6228387725E+01
 H23        1.0604254458E+00  4.9267834682E+01  4.0712320464E+01
 H24        5.5116064847E+00  7.2807389843E+01  1.6233038899E+01
 H25        1.0629766787E+00  4.9259433651E+01  4.0720626777E+01

 The Hessian:
  -2.4742624767E+05  1.3607037520E-03  6.7052907927E-05
   1.3607037520E-03 -2.4742577637E+05 -2.2852848019E-04
   6.7052907927E-05 -2.2852848019E-04 -2.4742632507E+05

 Eigenvalues of the Hessian: 
  -2.4742632507E+05 -2.4742624768E+05 -2.4742577636E+05

 Eigenvectors of the Hessian:
  -8.7370426277E-04  9.9999545091E-01  2.8870053015E-03
   4.1865573380E-04 -2.8866403705E-03  9.9999574601E-01
   9.9999953068E-01  8.7490920736E-04 -4.1613175930E-04

 The stress tensor:
  -6.1861228651E+04 -4.5276951887E-03 -7.9195458187E-06
  -4.5276951887E-03 -6.1861358633E+04  9.0510648933E-05
  -7.9195458187E-06  9.0510648933E-05 -6.1861279980E+04

 Eigenvalues of the stress tensor:
  -6.1861358791E+04 -6.1861279980E+04 -6.1861228493E+04

 Eigenvectors of the stress tensor:
   3.4769752481E-02  2.5450274038E-04  9.9939531695E-01
   9.9939469429E-01  1.1361039178E-03 -3.4770020134E-02
  -1.1442660004E-03  9.9999932225E-01 -2.1484663640E-04

 Minus divergence of the stress tensor: 
  -7.0231964925E+00  7.6817964804E-01  2.0555127100E+03

 Values: 
 Rho(r)                   1.2071668769E+02
 |Grad(Rho(r))|           2.0582142856E-10
 Grad(Rho(r))x            7.2501011271E-13
 Grad(Rho(r))y           -7.2916932908E-14
 Grad(Rho(r))z           -2.0582013871E-10
 DelSq(Rho(r))           -7.4227834911E+05
 G(r)                     7.1399933682E+00
 K(r)                     1.8557672727E+05
 L(r)                     1.8556958728E+05
 Vnuc(r)                  1.0685594898E+07
 V(r)                    -1.8558386726E+05
 Ven(r)                  -1.2899296221E+09
 Vrep(r)                  1.2897440382E+09
 DelSq(V(r))              1.1163512903E+10
 DelSq(Ven(r))            7.9316794737E+12
 DelSq(Vrep(r))          -7.9205159608E+12
 DelSq(G(r))              3.8038054178E+08
 DelSq(K(r))             -1.1543893445E+10

 New critical point found: CP# 2     

 Number of Newton-Raphson Iterations:     1

 Coordinates of critical point and distance from molecular origin:
          X =   2.3179365997E+00
          Y =   6.6626427174E-05
          Z =   8.6190425667E-01
          R =   2.4729959629E+00

 Vectors and distances from nuclei to critical point:
 Nucleus           X                 Y                 Z                Dist  
 C1         2.3179513297E+00  4.8626427174E-05 -1.7084774733E+00  2.8795474724E+00
 C2        -6.2030515258E-07  7.6427173973E-08 -6.2333317785E-07  8.8270258063E-07
 C3         4.6359198197E+00  2.5301642717E-04 -3.3563333178E-05  4.6359198267E+00
 C4         4.3535428097E+00 -2.0258220236E+00  2.0818050967E+00  5.2336605094E+00
 C5        -2.7954772031E-01 -2.6555840736E+00  1.1229627767E+00  2.8967773642E+00
 C6         4.9152689497E+00  2.6557747964E+00  1.1232673967E+00  5.6986610938E+00
 C7         2.8257869969E-01  2.0257613864E+00  2.0821066467E+00  2.9186860065E+00
 C8         2.3396028997E+00  3.9333684164E+00  1.4625947567E+00  4.8046136421E+00
 C9         2.2961018897E+00 -3.9331799836E+00  1.4627845967E+00  4.7834848643E+00
 H10        2.2793601797E+00 -1.6481865536E+00 -2.9381070833E+00  4.0674900095E+00
 H11        2.3565618397E+00  1.6479986664E+00 -2.9384794933E+00  4.1114407501E+00
 H12       -1.6721720903E+00  4.4090117643E-01 -1.1110651233E+00  2.0554851143E+00
 H13        6.3080989297E+00 -4.4029401357E-01 -1.1112221533E+00  6.4203415485E+00
 H14        3.9157937697E+00 -1.1203286936E+00  3.8742319067E+00  5.6212320798E+00
 H15        6.1480242397E+00 -2.9870441036E+00  2.3586055167E+00  7.2307437039E+00
 H16       -1.4545153403E+00 -3.8234311936E+00 -9.4336153333E-02  4.0918382516E+00
 H17       -1.2478371203E+00 -2.5239327436E+00  2.9333435867E+00  4.0659363707E+00
 H18        6.0907387297E+00  3.8237488364E+00 -9.3420633333E-02  7.1921402136E+00
 H19        5.8829238297E+00  2.5237525464E+00  2.9339675667E+00  7.0417530050E+00
 H20        7.2111078969E-01  1.1200497464E+00  3.8742347167E+00  4.0968532858E+00
 H21       -1.5120317903E+00  2.9865339664E+00  2.3596037267E+00  4.0955286612E+00
 H22        1.8238649697E+00  4.9107575864E+00 -2.7192879333E-01  5.2455665823E+00
 H23        2.4492596397E+00  5.3765014964E+00  2.9193935167E+00  6.5900303208E+00
 H24        2.8117473097E+00 -4.9113961236E+00 -2.7128949333E-01  5.6658038093E+00
 H25        2.1863272297E+00 -5.3757218036E+00  2.9201700867E+00  6.4965994951E+00

 Angles of vectors with respect to YZ/XZ/XY planes:
 Nucleus        YZ Angle          XZ Angle          XY Angle
 C1         5.3607425257E+01  9.6754366973E-04  3.6392574725E+01
 C2         4.4646770254E+01  4.9670686229E+00  4.4923694721E+01
 C3         8.9996845553E+01  3.1270543460E-03  4.1481275959E-04
 C4         5.6287717053E+01  2.2772653570E+01  2.3438986890E+01
 C5         5.5378331665E+00  6.6453674616E+01  2.2808934361E+01
 C6         5.9601904674E+01  2.7777217802E+01  1.1368054537E+01
 C7         5.5559138515E+00  4.3952854257E+01  4.5509874655E+01
 C8         2.9140259586E+01  5.4951364875E+01  1.7722951028E+01
 C9         2.8685800082E+01  5.5309814574E+01  1.7806236444E+01
 H10        3.4082423680E+01  2.3904270954E+01  4.6247940292E+01
 H11        3.4971701562E+01  2.3630226187E+01  4.5619271775E+01
 H12        5.4440989349E+01  1.2386184204E+01  3.2720181245E+01
 H13        7.9270679847E+01  3.9323148142E+00  9.9668495968E+00
 H14        4.4155472084E+01  1.1496206213E+01  4.3567923164E+01
 H15        5.8240141807E+01  2.4399929074E+01  1.9037763722E+01
 H16        2.0822096492E+01  6.9132115128E+01  1.3210547534E+00
 H17        1.7872527517E+01  3.8370973430E+01  4.6173791913E+01
 H18        5.7871813500E+01  3.2117453316E+01  7.4425113779E-01
 H19        5.6661114792E+01  2.1001864778E+01  2.4623457443E+01
 H20        1.0137775113E+01  1.5866251947E+01  7.1025095485E+01
 H21        2.1665724810E+01  4.6820891515E+01  3.5179606265E+01
 H22        2.0346485331E+01  6.9418478301E+01  2.9715300978E+00
 H23        2.1818114275E+01  5.4671874641E+01  2.6295547976E+01
 H24        2.9753284170E+01  6.0094507310E+01  2.7444805923E+00
 H25        1.9665852479E+01  5.5839411837E+01  2.6711101659E+01

 The Hessian:
  -2.4743752928E+05 -7.6771279450E-02  2.4729728323E-01
  -7.6771279450E-02 -2.4743800432E+05 -1.5213378434E-01
   2.4729728323E-01 -1.5213378434E-01 -2.4743790926E+05

 Eigenvalues of the Hessian: 
  -2.4743813302E+05 -2.4743793274E+05 -2.4743737710E+05

 Eigenvectors of the Hessian:
  -1.9323343845E-01  4.7230905461E-01  8.5999127623E-01
   6.9882363791E-01  6.8150059337E-01 -2.1726128126E-01
   6.8869903540E-01 -5.5900008781E-01  4.6174943473E-01

 The stress tensor:
  -6.1864189139E+04  2.8124323834E-02 -4.9896410213E-02
   2.8124323834E-02 -6.1864070030E+04  3.4856352840E-02
  -4.9896410213E-02  3.4856352840E-02 -6.1864110419E+04

 Eigenvalues of the stress tensor:
  -6.1864224165E+04 -6.1864095485E+04 -6.1864049938E+04

 Eigenvectors of the stress tensor:
   8.5311990592E-01 -5.2168512360E-01 -5.5729656884E-03
  -2.5818650217E-01 -4.3145053377E-01  8.6440162367E-01
   4.5334992690E-01  7.3599936734E-01  5.0277109607E-01

 Minus divergence of the stress tensor: 
   2.2705412728E+03 -2.7897199350E+02  2.2786473613E+03

 Values: 
 Rho(r)                   1.2071267567E+02
 |Grad(Rho(r))|           8.4450688830E-10
 Grad(Rho(r))x           -6.0031021820E-10
 Grad(Rho(r))y            7.0963901422E-11
 Grad(Rho(r))z           -5.8973184669E-10
 DelSq(Rho(r))           -7.4231344286E+05
 G(r)                     7.0044364100E+00
 K(r)                     1.8558536515E+05
 L(r)                     1.8557836071E+05
 Vnuc(r)                  6.7973220999E+06
 V(r)                    -1.8559236959E+05
 Ven(r)                  -8.2052293809E+08
 Vrep(r)                  8.2033734572E+08
 DelSq(V(r))              1.1164090688E+10
 DelSq(Ven(r))            5.0457439109E+12
 DelSq(Vrep(r))          -5.0345798202E+12
 DelSq(G(r))              3.8042859490E+08
 DelSq(K(r))             -1.1544519283E+10

 New critical point found: CP# 3     

 Number of Newton-Raphson Iterations:     1

 Coordinates of critical point and distance from molecular origin:
          X =  -2.3179825998E+00
          Y =  -1.8646631457E-04
          Z =   8.6193719646E-01
          R =   2.4730505652E+00

 Vectors and distances from nuclei to critical point:
 Nucleus           X                 Y                 Z                Dist  
 C1        -2.3179678698E+00 -2.0446631457E-04 -1.7084445335E+00  2.8795412501E+00
 C2        -4.6359198198E+00 -2.5301631457E-04  3.2316464266E-05  4.6359198268E+00
 C3         6.2024686143E-07 -7.6314568072E-08 -6.2353573360E-07  8.8279493286E-07
 C4        -2.8237638975E-01 -2.0260751163E+00  2.0818380365E+00  2.9186925862E+00
 C5        -4.9154669198E+00 -2.6558371663E+00  1.1229957165E+00  5.6988073728E+00
 C6         2.7934975025E-01  2.6555217037E+00  1.1233003365E+00  2.8968319674E+00
 C7        -4.3533404998E+00  2.0255082937E+00  2.0821395865E+00  5.2335038561E+00
 C8        -2.2963162998E+00  3.9331153237E+00  1.4626276965E+00  4.7834866443E+00
 C9        -2.3398173098E+00 -3.9334330763E+00  1.4628175365E+00  4.8048388062E+00
 H10       -2.3565590198E+00 -1.6484396463E+00 -2.9380741435E+00  4.1113262281E+00
 H11       -2.2793573598E+00  1.6477455737E+00 -2.9384465535E+00  4.0675549900E+00
 H12       -6.3080912898E+00  4.4064808369E-01 -1.1110321835E+00  6.4203254564E+00
 H13        1.6721797302E+00 -4.4054710631E-01 -1.1111892135E+00  2.0554824911E+00
 H14       -7.2012542975E-01 -1.1205817863E+00  3.8742648465E+00  4.0968539485E+00
 H15        1.5121050402E+00 -2.9872971963E+00  2.3586384565E+00  4.0955563188E+00
 H16       -6.0904345398E+00 -3.8236842863E+00 -9.4303213536E-02  7.1918598082E+00
 H17       -5.8837563198E+00 -2.5241858363E+00  2.9333765265E+00  7.0423575891E+00
 H18        1.4548195302E+00  3.8234957437E+00 -9.3387693536E-02  4.0919849497E+00
 H19        1.2470046302E+00  2.5234994537E+00  2.9340005065E+00  4.0658860058E+00
 H20       -3.9148084098E+00  1.1197966537E+00  3.8742676565E+00  5.6204643318E+00
 H21       -6.1479509898E+00  2.9862808737E+00  2.3596366665E+00  7.2307025956E+00
 H22       -2.8120542298E+00  4.9105044937E+00 -2.7189585354E-01  5.6652123287E+00
 H23       -2.1866595598E+00  5.3762484037E+00  2.9194264565E+00  6.4968128927E+00
 H24       -1.8241718898E+00 -4.9116492163E+00 -2.7125655354E-01  5.2464732178E+00
 H25       -2.4495919698E+00 -5.3759748963E+00  2.9202030265E+00  6.5900828993E+00

 Angles of vectors with respect to YZ/XZ/XY planes:
 Nucleus        YZ Angle          XZ Angle          XY Angle
 C1         5.3608147931E+01  4.0683760177E-03  3.6391851767E+01
 C2         8.9996847543E+01  3.1270529473E-03  3.9940184546E-04
 C3         4.4635533239E+01  4.9592117648E+00  4.4936285264E+01
 C4         5.5519110835E+00  4.3961285157E+01  4.5502219305E+01
 C5         5.9603331323E+01  2.7777151880E+01  1.1364972732E+01
 C6         5.5337945040E+00  6.6448108987E+01  2.2815723240E+01
 C7         5.6286296867E+01  2.2769648515E+01  2.3443721817E+01
 C8         2.8688715926E+01  5.5308422995E+01  1.7804255727E+01
 C9         2.9141689932E+01  5.4948879951E+01  1.7724881886E+01
 H10        3.4972769959E+01  2.3637632656E+01  4.5612826371E+01
 H11        3.4081756415E+01  2.3897070990E+01  4.6253899243E+01
 H12        7.9271071526E+01  3.9354919137E+00  9.9651535458E+00
 H13        5.4441457839E+01  1.2376095691E+01  3.2724339675E+01
 H14        1.0123774633E+01  1.5873984906E+01  7.1026364496E+01
 H15        2.1666673752E+01  4.6836085133E+01  3.5162813720E+01
 H16        5.7870813942E+01  3.2118248427E+01  7.5131205571E-01
 H17        5.6665961779E+01  2.1003752488E+01  2.4615913578E+01
 H18        2.0825872237E+01  6.9129264514E+01  1.3077236007E+00
 H19        1.7860430642E+01  3.8363747741E+01  4.6187901466E+01
 H20        4.4149070788E+01  1.1492263300E+01  4.3575871420E+01
 H21        5.8239565277E+01  2.4393436060E+01  1.9046519911E+01
 H22        2.9760279286E+01  6.0086822027E+01  2.7509069044E+00
 H23        1.9668292301E+01  5.5844909597E+01  2.6702813392E+01
 H24        2.0346388494E+01  6.9419809885E+01  2.9636648661E+00
 H25        2.1821043595E+01  5.4663313035E+01  2.6303172774E+01

 The Hessian:
  -2.4743750489E+05 -7.6706586651E-02 -2.4728175399E-01
  -7.6706586651E-02 -2.4743798010E+05  1.5204908298E-01
  -2.4728175399E-01  1.5204908298E-01 -2.4743788482E+05

 Eigenvalues of the Hessian: 
  -2.4743810862E+05 -2.4743790842E+05 -2.4743735276E+05

 Eigenvectors of the Hessian:
   1.9312820131E-01  4.7226666198E-01  8.6003819557E-01
  -6.9915240804E-01  6.8122271367E-01 -2.1707492877E-01
   6.8839480546E-01  5.5937448490E-01 -4.6174969135E-01

 The stress tensor:
  -6.1864183053E+04  2.8118989026E-02  4.9906054701E-02
   2.8118989026E-02 -6.1864063848E+04 -3.4829974640E-02
   4.9906054701E-02 -3.4829974640E-02 -6.1864104330E+04

 Eigenvalues of the stress tensor:
  -6.1864218072E+04 -6.1864089358E+04 -6.1864043802E+04

 Eigenvectors of the stress tensor:
   8.5319780329E-01  5.2156076547E-01 -5.2798082801E-03
  -2.5794372134E-01  4.3071340705E-01  8.6484160261E-01
  -4.5334153248E-01  7.3651906215E-01 -5.0201705750E-01

 Minus divergence of the stress tensor: 
  -2.2703357176E+03  2.7850613923E+02  2.2794108393E+03

 Values: 
 Rho(r)                   1.2071266530E+02
 |Grad(Rho(r))|           8.1011958318E-10
 Grad(Rho(r))x            5.4915591519E-10
 Grad(Rho(r))y           -7.0897149262E-11
 Grad(Rho(r))z           -5.9135024655E-10
 DelSq(Rho(r))           -7.4231336981E+05
 G(r)                     7.0043897147E+00
 K(r)                     1.8558534684E+05
 L(r)                     1.8557834245E+05
 Vnuc(r)                  6.7966110100E+06
 V(r)                    -1.8559235123E+05
 Ven(r)                  -8.2043703004E+08
 Vrep(r)                  8.2025143769E+08
 DelSq(V(r))              1.1164089590E+10
 DelSq(Ven(r))            5.0452152975E+12
 DelSq(Vrep(r))          -5.0340512079E+12
 DelSq(G(r))              3.8042855197E+08
 DelSq(K(r))             -1.1544518142E+10

 New critical point found: CP# 4     

 Number of Newton-Raphson Iterations:     1

 Coordinates of critical point and distance from molecular origin:
          X =  -2.0356059718E+00
          Y =   2.0258887695E+00
          Z =  -1.2199001390E+00
          R =   3.1202681500E+00

 Vectors and distances from nuclei to critical point:
 Nucleus           X                 Y                 Z                Dist  
 C1        -2.0355912418E+00  2.0258707695E+00 -3.7902818690E+00  4.7554201418E+00
 C2        -4.3535431918E+00  2.0258222195E+00 -2.0818050190E+00  5.2336608722E+00
 C3         2.8237724820E-01  2.0260751595E+00 -2.0818379590E+00  2.9186926439E+00
 C4         2.3819916839E-07  1.1945885525E-07  7.0098990679E-07  7.4993073769E-07
 C5        -4.6330902918E+00 -6.2976193054E-01 -9.5884161901E-01  4.7729972755E+00
 C6         5.6172637820E-01  4.6815969395E+00 -9.5853699901E-01  4.8116192291E+00
 C7        -4.0709638718E+00  4.0515835295E+00  3.0225098991E-04  5.7435247047E+00
 C8        -2.0139396718E+00  5.9591905595E+00 -6.1920963901E-01  6.3207061079E+00
 C9        -2.0574406818E+00 -1.9073578405E+00 -6.1901979901E-01  2.8730230773E+00
 H10       -2.0741823918E+00  3.7763558946E-01 -5.0199114790E+00  5.4446627526E+00
 H11       -1.9969807318E+00  3.6738208095E+00 -5.0202838890E+00  6.5336162812E+00
 H12       -6.0257146618E+00  2.4667233195E+00 -3.1928695190E+00  7.2517843932E+00
 H13        1.9545563582E+00  1.5855281295E+00 -3.1930265490E+00  4.0656621293E+00
 H14       -4.3774880180E-01  9.0549344946E-01  1.7924275110E+00  2.0553196303E+00
 H15        1.7944816682E+00 -9.6122196054E-01  2.7680112099E-01  2.0544417674E+00
 H16       -5.8080579118E+00 -1.7976090505E+00 -2.1761405490E+00  6.4575941878E+00
 H17       -5.6013796918E+00 -4.9811060054E-01  8.5153919099E-01  5.6875906688E+00
 H18        1.7371961582E+00  5.8495709795E+00 -2.1752250290E+00  6.4781891808E+00
 H19        1.5293812582E+00  4.5495746895E+00  8.5216317099E-01  4.8748147614E+00
 H20       -3.6324317818E+00  3.1458718895E+00  1.7924303210E+00  5.1287305496E+00
 H21       -5.8655743618E+00  5.0123561095E+00  2.7779933099E-01  7.7204824221E+00
 H22       -2.5296776018E+00  6.9365797295E+00 -2.3537331890E+00  7.7495462472E+00
 H23       -1.9042829318E+00  7.4023236395E+00  8.3758912099E-01  7.6890990554E+00
 H24       -1.5417952618E+00 -2.8855739805E+00 -2.3530938890E+00  4.0299777514E+00
 H25       -2.1672153418E+00 -3.3498996605E+00  8.3836569099E-01  4.0769482588E+00

 Angles of vectors with respect to YZ/XZ/XY planes:
 Nucleus        YZ Angle          XZ Angle          XY Angle
 C1         2.5344320367E+01  2.5214799450E+01  5.2848800518E+01
 C2         5.6287718638E+01  2.2772654228E+01  2.3438984242E+01
 C3         5.5519279046E+00  4.3961285240E+01  4.5502215982E+01
 C4         1.8519550414E+01  9.1658725064E+00  6.9186105214E+01
 C5         7.6093164277E+01  7.5818653425E+00  1.1588937510E+01
 C6         6.7042109859E+00  7.6649923026E+01  1.1490939951E+01
 C7         4.5136706997E+01  4.4863292844E+01  3.0151703817E-03
 C8         1.8579835914E+01  7.0528009556E+01  5.6220132992E+00
 C9         4.5735388171E+01  4.1596866789E+01  1.2442480080E+01
 H10        2.2392974082E+01  3.9771629698E+00  6.7218405476E+01
 H11        1.7797097957E+01  3.4214672398E+01  5.0208414491E+01
 H12        5.6194240604E+01  1.9886255605E+01  2.6122221787E+01
 H13        2.8734225022E+01  2.2953273502E+01  5.1754399073E+01
 H14        1.2297240054E+01  2.6139673720E+01  6.0702644138E+01
 H15        6.0863751140E+01  2.7896446960E+01  7.7431813774E+00
 H16        6.4081294781E+01  1.6163024322E+01  1.9693555546E+01
 H17        8.0011394647E+01  5.0243145882E+00  8.6106303650E+00
 H18        1.5554850843E+01  6.4550435918E+01  1.9619775996E+01
 H19        1.8284231677E+01  6.8952267915E+01  1.0067563306E+01
 H20        4.5092840767E+01  3.7834459933E+01  2.0456008535E+01
 H21        4.9441453953E+01  4.0483448449E+01  2.0620687865E+00
 H22        1.9052180603E+01  6.3520628743E+01  1.7681490792E+01
 H23        1.4339091207E+01  7.4302518231E+01  6.2537550898E+00
 H24        2.2493683713E+01  4.5727451304E+01  3.5725140780E+01
 H25        3.2112125110E+01  5.5252160072E+01  1.1866708842E+01

 The Hessian:
  -2.4752789557E+05 -2.6146536062E-01 -9.1341891043E-02
  -2.6146536062E-01 -2.4752802931E+05  2.8103841604E-01
  -9.1341891043E-02  2.8103841604E-01 -2.4752808955E+05

 Eigenvalues of the Hessian: 
  -2.4752837308E+05 -2.4752807332E+05 -2.4752756803E+05

 Eigenvectors of the Hessian:
  -2.7677840937E-01  7.2537765733E-01  6.3025468373E-01
  -7.2557156232E-01  2.7226531791E-01 -6.3199486123E-01
   6.3003144371E-01  6.3221740795E-01 -4.5095623848E-01

 The stress tensor:
  -6.1886789877E+04  6.5244937605E-02  1.3490221354E-02
   6.5244937605E-02 -6.1886746363E+04 -6.8076012722E-02
   1.3490221354E-02 -6.8076012722E-02 -6.1886724593E+04

 Eigenvalues of the stress tensor:
  -6.1886858406E+04 -6.1886745278E+04 -6.1886657149E+04

 Eigenvectors of the stress tensor:
   6.7450948507E-01  6.8343919319E-01 -2.7919137480E-01
  -6.2830690988E-01  3.3284741458E-01 -7.0316642809E-01
  -3.8764336902E-01  6.4971029529E-01  6.5391830579E-01

 Minus divergence of the stress tensor: 
  -8.7554704788E+02 -4.3749891423E+02 -2.5704288630E+03

 Values: 
 Rho(r)                   1.2075035679E+02
 |Grad(Rho(r))|           5.1704625518E-10
 Grad(Rho(r))x            1.4672346671E-10
 Grad(Rho(r))y            8.4354856433E-11
 Grad(Rho(r))z            4.8856249601E-10
 DelSq(Rho(r))           -7.4258401442E+05
 G(r)                     7.1286134752E+00
 K(r)                     1.8565313222E+05
 L(r)                     1.8564600361E+05
 Vnuc(r)                  8.0007533775E+06
 V(r)                    -1.8566026083E+05
 Ven(r)                  -9.6609382493E+08
 Vrep(r)                  9.6590816466E+08
 DelSq(V(r))              1.1168181278E+10
 DelSq(Ven(r))            5.9412295188E+12
 DelSq(Vrep(r))          -5.9300613376E+12
 DelSq(G(r))              3.8058782379E+08
 DelSq(K(r))             -1.1548769102E+10

 New critical point found: CP# 5     

 Number of Newton-Raphson Iterations:     1

 Coordinates of critical point and distance from molecular origin:
          X =   2.5974836116E+00
          Y =   2.6556507762E+00
          Z =  -2.6105835625E-01
          R =   3.7239164361E+00

 Vectors and distances from nuclei to critical point:
 Nucleus           X                 Y                 Z                Dist  
 C1         2.5974983416E+00  2.6556327762E+00 -2.8314400862E+00  4.6708067867E+00
 C2         2.7954639164E-01  2.6555842262E+00 -1.1229632362E+00  2.8967775540E+00
 C3         4.9154668316E+00  2.6558371662E+00 -1.1229961762E+00  5.6988073873E+00
 C4         4.6330898216E+00  6.2976212618E-01  9.5884248375E-01  4.7729970186E+00
 C5        -7.0835666355E-07  7.6175035613E-08  1.6375298084E-07  7.3101767255E-07
 C6         5.1948159616E+00  5.3113589462E+00  3.0478375298E-04  7.4294445838E+00
 C7         5.6212571164E-01  4.6813455362E+00  9.5914403375E-01  4.8115422291E+00
 C8         2.6191499116E+00  6.5889525662E+00  3.3963214375E-01  7.0985626835E+00
 C9         2.5756489016E+00 -1.2775958338E+00  3.3982198375E-01  2.8951161220E+00
 H10        2.5589071916E+00  1.0073975962E+00 -4.0610696962E+00  4.9046042664E+00
 H11        2.6361088516E+00  4.3035828162E+00 -4.0614421062E+00  6.4780557975E+00
 H12       -1.3926250784E+00  3.0964853262E+00 -2.2340277362E+00  4.0642964841E+00
 H13        6.5876459416E+00  2.2152901362E+00 -2.2341847662E+00  7.3004226597E+00
 H14        4.1953407816E+00  1.5352554562E+00  2.7512692938E+00  5.2466538209E+00
 H15        6.4275712516E+00 -3.3145995382E-01  1.2356429038E+00  6.5536517516E+00
 H16       -1.1749683284E+00 -1.1678470438E+00 -1.2172987662E+00  2.0557805274E+00
 H17       -9.6829010836E-01  1.3165140618E-01  1.8103809738E+00  2.0572790518E+00
 H18        6.3702857416E+00  6.4793329862E+00 -1.2163832462E+00  9.1674360962E+00
 H19        6.1624708416E+00  5.1793366962E+00  1.8110049538E+00  8.2511401896E+00
 H20        1.0006578016E+00  3.7756338962E+00  2.7512721038E+00  4.7776799331E+00
 H21       -1.2324847784E+00  5.6421181162E+00  1.2366411138E+00  5.9060813413E+00
 H22        2.1034119816E+00  7.5663417362E+00 -1.3948914062E+00  7.9761890191E+00
 H23        2.7288066516E+00  8.0320856462E+00  1.7964309038E+00  8.6710985210E+00
 H24        3.0912943216E+00 -2.2558119738E+00 -1.3942521062E+00  4.0729261201E+00
 H25        2.4658742416E+00 -2.7201376538E+00  1.7972074738E+00  4.0877425720E+00

 Angles of vectors with respect to YZ/XZ/XY planes:
 Nucleus        YZ Angle          XZ Angle          XY Angle
 C1         3.3787438752E+01  3.4649854242E+01  3.7315196411E+01
 C2         5.5378063994E+00  6.6453673555E+01  2.2808942643E+01
 C3         5.9603329323E+01  2.7777151801E+01  1.1364977418E+01
 C4         7.6093153247E+01  7.5818681220E+00  1.1588948738E+01
 C5         7.5696522225E+01  5.9813130647E+00  1.2944485437E+01
 C6         4.4364454920E+01  4.5635544984E+01  2.3504883127E-03
 C7         6.7091067889E+00  7.6640824437E+01  1.1498502863E+01
 C8         2.1652049817E+01  6.8157390675E+01  2.7423749390E+00
 C9         6.2829682228E+01  2.6186438642E+01  6.7407844798E+00
 H10        3.1448751702E+01  1.1852818738E+01  5.5895029571E+01
 H11        2.4012065628E+01  4.1631134761E+01  3.8825739922E+01
 H12        2.0038317160E+01  4.9629761597E+01  3.3344475896E+01
 H13        6.4470699426E+01  1.7664746044E+01  1.7820442138E+01
 H14        5.3094038617E+01  1.7014644083E+01  3.1626885989E+01
 H15        7.8743104511E+01  2.8990497200E+00  1.0867747441E+01
 H16        3.4857940211E+01  3.4616420872E+01  3.6308632178E+01
 H17        2.8077499040E+01  3.6690344544E+00  6.1640921507E+01
 H18        4.4017809773E+01  4.4973284602E+01  7.6247884159E+00
 H19        4.8319362104E+01  3.8881492160E+01  1.2678810927E+01
 H20        1.2089788464E+01  5.2210296046E+01  3.5159841735E+01
 H21        1.2045045029E+01  7.2805460038E+01  1.2086277133E+01
 H22        1.5290398098E+01  7.1552889210E+01  1.0071787797E+01
 H23        1.8342787191E+01  6.7866033221E+01  1.1956824635E+01
 H24        4.9374896272E+01  3.3631911153E+01  2.0018404519E+01
 H25        3.7102025751E+01  4.1715906520E+01  2.6082042725E+01

 The Hessian:
  -2.4752761363E+05  1.0497428848E-01  5.6465692106E-03
   1.0497428848E-01 -2.4752764057E+05  2.8128321374E-01
   5.6465692106E-03  2.8128321374E-01 -2.4752717496E+05

 Eigenvalues of the Hessian: 
  -2.4752781594E+05 -2.4752757497E+05 -2.4752703824E+05

 Eigenvectors of the Hessian:
  -4.2147922169E-01 -9.0255966208E-01  8.7984783187E-02
   8.3176017418E-01 -3.4610589817E-01  4.3403423817E-01
  -3.6128974292E-01  2.5611865148E-01  8.9658962632E-01

 The stress tensor:
  -6.1886577300E+04 -3.7288029894E-02  2.2506635985E-04
  -3.7288029894E-02 -6.1886567186E+04 -6.8181837382E-02
   2.2506635985E-04 -6.8181837382E-02 -6.1886678503E+04

 Eigenvalues of the stress tensor:
  -6.1886712789E+04 -6.1886594341E+04 -6.1886515859E+04

 Eigenvectors of the stress tensor:
   1.2134291295E-01 -8.6367018717E-01 -4.8923379408E-01
   4.4626143414E-01 -3.9278832925E-01  8.0409455961E-01
   8.8663782339E-01  3.1589735073E-01 -3.3776061630E-01

 Minus divergence of the stress tensor: 
   2.5968434439E+03 -2.7505500597E+02 -5.9979009099E+02

 Values: 
 Rho(r)                   1.2075058472E+02
 |Grad(Rho(r))|           4.4365462994E-10
 Grad(Rho(r))x           -4.2902609243E-10
 Grad(Rho(r))y            3.8460928886E-11
 Grad(Rho(r))z            1.0623935065E-10
 DelSq(Rho(r))           -7.4258242916E+05
 G(r)                     7.1078497608E+00
 K(r)                     1.8565271514E+05
 L(r)                     1.8564560729E+05
 Vnuc(r)                  8.2077499423E+06
 V(r)                    -1.8565982299E+05
 Ven(r)                  -9.9109060476E+08
 Vrep(r)                  9.9090494494E+08
 DelSq(V(r))              1.1168154065E+10
 DelSq(Ven(r))            6.0949326725E+12
 DelSq(Vrep(r))          -6.0837645184E+12
 DelSq(G(r))              3.8058539176E+08
 DelSq(K(r))             -1.1548739457E+10

 New critical point found: CP# 6     

 Number of Newton-Raphson Iterations:     1

 Coordinates of critical point and distance from molecular origin:
          X =  -2.5973316425E+00
          Y =  -2.6557082463E+00
          Z =  -2.6136297555E-01
          R =   3.7238727900E+00

 Vectors and distances from nuclei to critical point:
 Nucleus           X                 Y                 Z                Dist  
 C1        -2.5973169125E+00 -2.6557262463E+00 -2.8317447056E+00  4.6709437073E+00
 C2        -4.9152688625E+00 -2.6557747963E+00 -1.1232678556E+00  5.6986611090E+00
 C3        -2.7934842249E-01 -2.6555218563E+00 -1.1233007956E+00  2.8968321574E+00
 C4        -5.6172543249E-01 -4.6815968963E+00  9.5853786445E-01  4.8116192492E+00
 C5        -5.1948159625E+00 -5.3113589463E+00 -3.0445555258E-04  7.4294445845E+00
 C6         7.0750921921E-07 -7.6340321620E-08  1.6444742101E-07  7.3036983389E-07
 C7        -4.6326895425E+00 -6.3001348634E-01  9.5883941445E-01  4.7726410312E+00
 C8        -2.5756653425E+00  1.2775935437E+00  3.3932752445E-01  2.8950717415E+00
 C9        -2.6191663525E+00 -6.5889548563E+00  3.3951736445E-01  7.0985653848E+00
 H10       -2.6359080625E+00 -4.3039614263E+00 -4.0613743156E+00  6.4781831253E+00
 H11       -2.5587064025E+00 -1.0077762063E+00 -4.0617467256E+00  4.9051378980E+00
 H12       -6.5874403325E+00 -2.2148736963E+00 -2.2343323556E+00  7.3001559367E+00
 H13        1.3928306875E+00 -3.0960688863E+00 -2.2344893856E+00  4.0643034689E+00
 H14       -9.9947447249E-01 -3.7761035663E+00  2.7509646744E+00  4.7776263986E+00
 H15        1.2327559975E+00 -5.6428189763E+00  1.2353382844E+00  5.9065348578E+00
 H16       -6.3697835825E+00 -6.4792060663E+00 -1.2176033856E+00  9.1671594369E+00
 H17       -6.1631053625E+00 -5.1797076163E+00  1.8100763544E+00  8.2516431763E+00
 H18        1.1754704875E+00  1.1679739637E+00 -1.2166878656E+00  2.0557780544E+00
 H19        9.6765558751E-01 -1.3202232634E-01  1.8107003344E+00  2.0572853307E+00
 H20       -4.1941574525E+00 -1.5357251263E+00  2.7509674844E+00  5.2456868473E+00
 H21       -6.4273000325E+00  3.3075909366E-01  1.2363364944E+00  6.5534811523E+00
 H22       -3.0914032725E+00  2.2549827137E+00 -1.3951960256E+00  4.0728728413E+00
 H23       -2.4660086025E+00  2.7207266237E+00  1.7961262844E+00  4.0877403804E+00
 H24       -2.1035209325E+00 -7.5671709963E+00 -1.3945567256E+00  7.9769458856E+00
 H25       -2.7289410125E+00 -8.0314966763E+00  1.7969028544E+00  8.6706930392E+00

 Angles of vectors with respect to YZ/XZ/XY planes:
 Nucleus        YZ Angle          XZ Angle          XY Angle
 C1         3.3783637285E+01  3.4650087191E+01  3.7318614593E+01
 C2         5.9601902681E+01  2.7777217721E+01  1.1368059212E+01
 C3         5.5337677557E+00  6.6448107925E+01  2.2815731511E+01
 C4         6.7041996190E+00  7.6649919796E+01  1.1490950419E+01
 C5         4.4364454924E+01  4.5635544980E+01  2.3479571598E-03
 C6         7.5626930951E+01  5.9996754310E+00  1.3012073485E+01
 C7         7.6090419951E+01  7.5854811918E+00  1.1589787520E+01
 C8         6.2832106097E+01  2.6186820066E+01  6.7310345309E+00
 C9         2.1652183938E+01  6.8157385964E+01  2.7414463963E+00
 H10        2.4009619870E+01  4.1634614018E+01  3.8824064059E+01
 H11        3.1442190659E+01  1.1856029376E+01  5.5899929086E+01
 H12        6.4471338146E+01  1.7661982537E+01  1.7822331831E+01
 H13        2.0041366587E+01  4.9620583086E+01  3.3352201927E+01
 H14        1.2075413378E+01  5.2220317149E+01  3.5155784411E+01
 H15        1.2046796483E+01  7.2814243689E+01  1.2072411005E+01
 H16        4.4015116285E+01  4.4973890824E+01  7.6327140059E+00
 H17        4.8322065124E+01  3.8881984440E+01  1.2671416380E+01
 H18        3.4875045764E+01  3.4620766796E+01  3.6287557169E+01
 H19        2.8057378979E+01  3.6793747133E+00  6.1659327930E+01
 H20        5.3086579740E+01  1.7023241044E+01  3.1629518989E+01
 H21        7.8738452006E+01  2.8929899356E+00  1.0874208529E+01
 H22        4.9378124034E+01  3.3618399776E+01  2.0032810836E+01
 H23        3.7104410301E+01  4.1726994212E+01  2.6065186269E+01
 H24        1.5289723145E+01  7.1555415437E+01  1.0068380693E+01
 H25        1.8344610933E+01  6.7862291369E+01  1.1960579882E+01

 The Hessian:
  -2.4752787331E+05  1.0495663405E-01 -5.9275519615E-03
   1.0495663405E-01 -2.4752790054E+05 -2.8148259301E-01
  -5.9275519615E-03 -2.8148259301E-01 -2.4752743500E+05

 Eigenvalues of the Hessian: 
  -2.4752807590E+05 -2.4752783490E+05 -2.4752729807E+05

 Eigenvectors of the Hessian:
  -4.2053505690E-01 -9.0295289549E-01 -8.8466572454E-02
   8.3211269514E-01 -3.4499781357E-01 -4.3424068351E-01
   3.6157810845E-01 -2.5622758858E-01  8.9644224261E-01

 The stress tensor:
  -6.1886642337E+04 -3.7238503003E-02 -1.5012941549E-04
  -3.7238503003E-02 -6.1886632202E+04  6.8247940504E-02
  -1.5012941549E-04  6.8247940504E-02 -6.1886743421E+04

 Eigenvalues of the stress tensor:
  -6.1886777792E+04 -6.1886659272E+04 -6.1886580897E+04

 Eigenvectors of the stress tensor:
  -1.2181122864E-01 -8.6409022792E-01 -4.8837496105E-01
  -4.4666078498E-01 -3.9168018534E-01  8.0441331141E-01
   8.8637247686E-01 -3.1612451727E-01  3.3824417488E-01

 Minus divergence of the stress tensor: 
  -2.5937431499E+03  2.7568182765E+02 -6.0231157102E+02

 Values: 
 Rho(r)                   1.2075067647E+02
 |Grad(Rho(r))|           5.0951978865E-10
 Grad(Rho(r))x            4.9256049239E-10
 Grad(Rho(r))y           -8.7443177699E-11
 Grad(Rho(r))z            9.6686436635E-11
 DelSq(Rho(r))           -7.4258320886E+05
 G(r)                     7.1078728409E+00
 K(r)                     1.8565291009E+05
 L(r)                     1.8564580221E+05
 Vnuc(r)                  8.2150302111E+06
 V(r)                    -1.8566001796E+05
 Ven(r)                  -9.9197045519E+08
 Vrep(r)                  9.9178479517E+08
 DelSq(V(r))              1.1168165948E+10
 DelSq(Ven(r))            6.1003435868E+12
 DelSq(Vrep(r))          -6.0891754209E+12
 DelSq(G(r))              3.8058590194E+08
 DelSq(K(r))             -1.1548751850E+10

 New critical point found: CP# 7     

 Number of Newton-Raphson Iterations:     1

