AIMSum (Version 17.11.14, Standard)
Copyright (c) 1997-2017 by Todd A. Keith
AIMSum is a component of the AIMAll package ( http://aim.tkgristmill.com )

TP:  64-bit Linux

Much of the Quantum Theory of Atoms in Molecules (QTAIM) is described in the book:
  "Atoms in Molecules - A Quantum Theory"
  R.F.W. Bader, Oxford University Press, Oxford, 1990

For additional references see:  http://aim.tkgristmill.com/references.html

Wfn File:  /home/serge/work/N15/Opt/CCC-CC-mp2-cpv3.wfn
Sum File:  /home/serge/work/N15/Opt/CCC-CC-mp2-cpv3.sum

Wfn Title:  Name  CCC-CC-mp2-cpv3    Run Type  GeometryOpt    Method  HFGTO    Basis Set  G
 
Total memory allocated for AIMSum =        1.385 Megabytes

Atomic units (a.u.) used throughout, except where stated otherwise

Model:  Unknown
 
  Number of electrons (from MO Occs)                   =          69.0410392600
  Number of Alpha electrons (from MO Occs)             =           0.0000000000
  Number of Beta electrons (from MO Occs)              =           0.0000000000
  Number of electron pairs (N*(N-1)/2)                 =        2348.8120314204
  Number of electron pairs (from Muller 2EDM)          =           0.0000000000
 
Nuclear Charges and Cartesian Coordinates:
-------------------------------------------------------------------------------
Atom      Charge                X                  Y                  Z
-------------------------------------------------------------------------------
C1         6.0          -1.5100000000E-06  -2.8638700000E-03   2.8590770700E+00
C2         6.0           2.3394106200E+00  -8.7346200000E-03   1.1898302300E+00
C3         6.0          -2.3394136200E+00   7.1303500000E-03   1.1898508800E+00
C4         6.0           2.3873073600E+00  -2.4410012600E+00  -3.5823405000E-01
C5         6.0          -2.4033569000E+00  -2.4246451500E+00  -3.5851387000E-01
C6         6.0           2.4035368000E+00   2.4271823900E+00  -3.5203349000E-01
C7         6.0          -2.3874796900E+00   2.4435395500E+00  -3.5172800000E-01
C8         6.0          -9.6244900000E-03  -2.9152046600E+00  -1.8876491800E+00
C9         6.0           9.6318000000E-03   2.9225200300E+00  -1.8794520500E+00
H10        1.0          -5.6418500000E-03  -1.6650995600E+00   4.0769651300E+00
H11        1.0           5.6452800000E-03   1.6564286300E+00   4.0809679400E+00
H12        1.0           4.0145037500E+00  -1.5734290000E-02   2.3879642900E+00
H13        1.0          -4.0145160900E+00   1.0811580000E-02   2.3879819300E+00
H14        1.0           4.0265988400E+00  -2.4604590600E+00  -1.6022598200E+00
H15        1.0           2.6341596100E+00  -4.0010492100E+00   9.6641694000E-01
H16        1.0          -2.6608414800E+00  -3.9830847200E+00   9.6600918000E-01
H17        1.0          -4.0427233700E+00  -2.4329801400E+00  -1.6025736500E+00
H18        1.0           2.6617830200E+00   3.9819491300E+00   9.7662511000E-01
H19        1.0           4.0426101400E+00   2.4384466700E+00  -1.5964583900E+00
H20        1.0          -4.0264756300E+00   2.4659112600E+00  -1.5960965200E+00
H21        1.0          -2.6351223500E+00   3.9999246200E+00   9.7705974000E-01
H22        1.0          -1.6312030000E-02  -4.8629550600E+00  -2.5466839700E+00
H23        1.0          -5.3334500000E-03  -1.7585968400E+00  -3.5764833700E+00
H24        1.0           5.3385100000E-03   1.7714451200E+00  -3.5720561500E+00
H25        1.0           1.6315110000E-02   4.8723906200E+00  -2.5321883700E+00
 
Some Atomic Properties:
----------------------
  q(A) = Net Charge of Atom A
  L(A) = Lagrangian of Atom A = -(1/4) Times Atomic Integral of the Laplacian of the Electron Density
  K(A) = Electronic Kinetic Energy of Atom A (Hamiltonian Form)
  K_Scaled(A) = K(A) * E(Mol)/K(Mol) = Approximation to Virial-Based Total Energy of Atom A.
  |Mu_Intra(A)| = Magnitude of Intraatomic Dipole Moment of Atom A
--------------------------------------------------------------------------------------------------
Atom A          q(A)              L(A)              K(A)          K_Scaled(A)      |Mu_Intra(A)|
--------------------------------------------------------------------------------------------------
C1        1.0383278630E-01  5.4682906479E-05  3.7694473585E+01 -3.7698454875E+01  5.0262416712E-02
C2        1.3652567870E-01  9.9801227343E-05  3.7658437613E+01 -3.7662415097E+01  2.8899865368E-02
C3        1.3679401190E-01  4.1698751443E-04  3.7658502742E+01 -3.7662480233E+01  2.8564962666E-02
C4        1.0919196210E-01  2.0030711734E-04  3.7668232448E+01 -3.7672210966E+01  3.3224069979E-02
C5        1.0927319390E-01  2.7522406860E-04  3.7668198713E+01 -3.7672177229E+01  3.3437028509E-02
C6        1.0866806810E-01 -3.5668173283E-04  3.7668008112E+01 -3.7671986607E+01  3.3719553443E-02
C7        1.0863626730E-01 -4.0581108505E-04  3.7668050265E+01 -3.7672028765E+01  3.3407636553E-02
C8        1.1763755410E-01 -3.0143374276E-04  3.7664482501E+01 -3.7668460623E+01  3.3331539218E-02
C9        1.1817742190E-01  2.4375189175E-04  3.7664624870E+01 -3.7668603008E+01  3.3054061706E-02
H10      -7.4259608000E-03  2.4842102193E-05  6.1626293183E-01 -6.1632802152E-01  1.5396392933E-01
H11      -7.4236592000E-03  2.7238535305E-05  6.1626710242E-01 -6.1633219255E-01  1.5396496558E-01
H12      -7.9792259000E-03  3.2636935594E-05  6.2437761804E-01 -6.2444356480E-01  1.5174275080E-01
H13      -7.9950342000E-03  2.6025697618E-05  6.2438368687E-01 -6.2444963427E-01  1.5174239741E-01
H14      -3.0491028000E-03  2.8267254424E-05  6.1476069377E-01 -6.1482562480E-01  1.5269852626E-01
H15      -7.2202530000E-03  2.8088829631E-05  6.1806416912E-01 -6.1812944905E-01  1.5371927280E-01
H16      -7.2263876000E-03  2.6905553943E-05  6.1807640601E-01 -6.1814168724E-01  1.5370833128E-01
H17      -3.0521073000E-03  2.3268353939E-05  6.1476216799E-01 -6.1482709917E-01  1.5271367115E-01
H18      -7.1940940000E-03  2.7863030865E-05  6.1806814772E-01 -6.1813342808E-01  1.5371429875E-01
H19      -3.0432195000E-03  2.7660044739E-05  6.1476055717E-01 -6.1482548818E-01  1.5270623818E-01
H20      -3.0590258000E-03  2.3659977721E-05  6.1476507232E-01 -6.1483000381E-01  1.5269850656E-01
H21      -7.2068572000E-03  2.8384344194E-05  6.1806133111E-01 -6.1812661075E-01  1.5373156414E-01
H22      -1.8546552000E-03  2.9971736319E-05  6.1696750371E-01 -6.1703266781E-01  1.5106338585E-01
H23      -6.9537713000E-03 -1.2127526778E-04  6.2962319737E-01 -6.2968969817E-01  1.3543666109E-01
H24      -7.1890472000E-03 -3.4200362075E-04  6.2961779280E-01 -6.2968429303E-01  1.3519849749E-01
H25      -1.8613905000E-03  2.1000673814E-05  6.1696798866E-01 -6.1703315282E-01  1.5106513538E-01
--------------------------------------------------------------------------------------------------
Total     9.5900315280E-01  1.3936234707E-04  3.4891879722E+02 -3.4895565002E+02
 
1st Largest |L(A)| = 4.1698751443E-04, atom C3      
2nd Largest |L(A)| = 4.0581108505E-04, atom C7      
 
Molecular charge q(Mol) from the wfn file:   9.5896074000E-01
Molecular energy E(Mol) from the wfn file:   0.0000000000E+00
Molecular virial ratio (-V(Mol)/T(Mol)) from the wfn file:   2.0001056200E+00
Note.  K_Scaled(A) = (1+V(Mol)/T(Mol))*K(A) = (E(Mol)/T(Mol))*K(A)
       Only use K_Scaled(A) data with caution.
 
N_AIMInt(SumA)     =         69.040997
N_Analytic(Mol)    =         69.041039
 
G_AIMInt(SumA)     =        348.918658
G_Analytic(Mol)    =        348.918724
 
K_AIMInt(SumA)     =        348.918797
K_Analytic(Mol)    =        348.918724
 
L_AIMInt(SumA)     =          0.000139
L_Analytic(Mol)    =          0.000000
 
VenT_AIMInt(SumA)  =      -1809.725183
VenT_Analytic(Mol) =      -1809.724946
 
Some Information About the Atomic Calculations:
----------------------------------------------
  Time(sec) = "Elapsed User Time", in Seconds, for Atom A by AIMInt and, if used, by TWOe
  NProc = Number of Processors Used for AIMInt Job
  BIM = Basin Integration Method
  OAQ = Angular Quadrature Outside of Beta Sphere
  ORQ = Multiple of Default for Radial Quadrature Outside of Beta Sphere
  IAQ = Multiple of Default for Angular Quadrature Inside of Beta Sphere
  IRQ = Multiple of Default for Radial Quadrature Inside of Beta Sphere
  MIR = Maximum Integration Radius
------------------------------------------------------------------------------------------------------
Atom A     Time(sec)   NProc      BIM          OAQ                     ORQ      IAQ      IRQ      MIR
------------------------------------------------------------------------------------------------------
C1             84        1     Proaim(5)    4500(GS4)                  1.00     1.00     1.00    13.00
C2             85        1     Proaim(5)    4500(GS4)                  1.00     1.00     1.00    13.00
C3             85        1     Proaim(5)    4500(GS4)                  1.00     1.00     1.00    13.00
C4             75        1     Proaim(5)    4500(GS4)                  1.00     1.00     1.00    13.00
C5             74        1     Proaim(5)    4500(GS4)                  1.00     1.00     1.00    13.00
C6             74        1     Proaim(5)    4500(GS4)                  1.00     1.00     1.00    13.00
C7             74        1     Proaim(5)    4500(GS4)                  1.00     1.00     1.00    13.00
C8             69        1     Proaim(5)    4500(GS4)                  1.00     1.00     1.00    13.00
C9             69        1     Proaim(5)    4500(GS4)                  1.00     1.00     1.00    13.00
H10            26        1     Proaim(5)    1800(GS4)                  1.00     1.00     1.00    13.00
H11            26        1     Proaim(5)    1800(GS4)                  1.00     1.00     1.00    13.00
H12            25        1     Proaim(5)    1800(GS4)                  1.00     1.00     1.00    13.00
H13            25        1     Proaim(5)    1800(GS4)                  1.00     1.00     1.00    13.00
H14            25        1     Proaim(5)    1800(GS4)                  1.00     1.00     1.00    13.00
H15            25        1     Proaim(5)    1800(GS4)                  1.00     1.00     1.00    13.00
H16            25        1     Proaim(5)    1800(GS4)                  1.00     1.00     1.00    13.00
H17            25        1     Proaim(5)    1800(GS4)                  1.00     1.00     1.00    13.00
H18            25        1     Proaim(5)    1800(GS4)                  1.00     1.00     1.00    13.00
H19            26        1     Proaim(5)    1800(GS4)                  1.00     1.00     1.00    13.00
H20            26        1     Proaim(5)    1800(GS4)                  1.00     1.00     1.00    13.00
H21            25        1     Proaim(5)    1800(GS4)                  1.00     1.00     1.00    13.00
H22            24        1     Proaim(5)    1800(GS4)                  1.00     1.00     1.00    13.00
H23            52        1     Proaim(5)    4500(GS4)                  1.00     1.00     1.00    13.00
H24            52        1     Proaim(5)    4500(GS4)                  1.00     1.00     1.00    13.00
H25            24        1     Proaim(5)    1800(GS4)                  1.00     1.00     1.00    13.00
------------------------------------------------------------------------------------------------------
Total        1145
Note:  Total wall clock time is less than total of atomic times if more than one atom
       was calculated at a time
 
Electron Density Critical Point Analysis of Molecular Structure:               
---------------------------------------------------------------                
  NACP = Nuclear Attractor Critical Point                                      
  NNACP = Non-Nuclear Attractor Critical Point                                 
  BCP = Bond Critical Point                                                    
  RCP = Ring Critical Point                                                    
  CCP = Cage Critical Point                                                    
  Rho = Electron Density                                                       
  GradRho = Gradient of Electron Density                                       
  HessRho_EigVals = Eigenvalues of the Hessian of Rho, Ascending Order         
  HessRho_EigVecs = Eigenvectors of the Hessian of Rho                         
  DelSqRho = Laplacian of Rho = Trace of Hessian of Rho                        
  Bond Ellipticity = (HessRho_EigVal(1) / HessRho_EigVal(2)) - 1               
  V = Virial Field = Potential Energy Density = Trace of Stress Tensor         
  G = Lagrangian Form of Kinetic Energy Density                                
  K = Hamiltonian Form of Kinetic Energy Density                               
  L = K - G = Lagrangian Density = (-1/4)DelSqRho                              
  Vnuc = Electrostatic Potential from Nuclei                                   
  Ven = Electron-nuclear attractive contribution to Virial Field V             
  Vrep = V - Ven = Repulsive contribution to Virial Field V                    
  DelSqV = Laplacian of V                                                      
  DelSqVen = Laplacian of Ven                                                  
  DelSqVrep = Laplacian of Vrep                                                
  DelSqG = Laplacian of G                                                      
  DelSqK = Laplacian of K                                                      
  Stress_EigVals = Eigenvalues of Stress Tensor, Ascending Order               
  Stress_EigVecs = Eigenvectors of Stress Tensor                               
  -DivStress = Ehrenfest Force Density = Minus Divergence of Stress Tensor     
  ESP = Total Electrostatic Potential                                          
  ESPe = Electrostatic Potential from Electrons                                
  ESPn = Electrostatic Potential from Nuclei                                   
  BP = Bond Path                                                               
  BPL = Bond Path Length                                                       
  GBL = Geometric Bond Length                                                  
  GBL_I = Distance Between Nuclear Attractors                                  
  GBL_II = Distance Between Nuclei                                             
  GBL_III = Sum of Distances Between BCP and Nuclear Attractors                
  GBL_IV = Sum of Distances Between BCP and Nuclei                             

CP# 1      Coords = -1.50965382830482E-06 -2.86386887937092E-03  2.85907659926834E+00
           Type = (3,-3) NACP C1
           Rho =  1.2074431130E+02     Rho at Nucleus =  1.2074431127E+02
           GradRho =  9.1179544316E-14  2.7676081912E-13 -1.2427803231E-10
           HessRho_EigVals = -2.4750493013E+05 -2.4750474679E+05 -2.4750440548E+05
           HessRho_EigVec1 = -1.8903662607E-04 -1.4374742345E-03  9.9999894897E-01
           HessRho_EigVec2 =  9.9999993960E-01  2.9138542030E-04  1.8945567281E-04
           HessRho_EigVec3 = -2.9165745169E-04  9.9999892438E-01  1.4374190651E-03
           DelSqRho = -7.4251408241E+05
           Bond Ellipticity = NA
           V = -1.8564279422E+05
           G =  7.1368090132E+00
           K =  1.8563565741E+05
           L =  1.8562852060E+05
           Vnuc =  1.2746090591E+07
           Ven = -1.5390179302E+09
           Vrep =  1.5388322874E+09
           DelSqV =  1.1167106287E+10
           DelSqVen =  9.4641533747E+12
           DelSqVrep = -9.4529862684E+12
           DelSqG =  3.8053510685E+08
           DelSqK = -1.1547641394E+10
           Stress_EigVals = -6.1880992360E+04 -6.1880912011E+04 -6.1880889848E+04
           Stress_EigVec1 =  7.2427525632E-03  9.9997249507E-01  1.5973869114E-03
           Stress_EigVec2 =  3.6178251729E-04 -1.6000490726E-03  9.9999865448E-01
           Stress_EigVec3 =  9.9997370548E-01 -7.2421649112E-03 -3.7336132601E-04
           -DivStress = -1.2663488522E+00 -4.0406351292E+00  1.7241141587E+03
           ESP =  -1.4493246771E+01     ESP at Nucleus =  -1.4493246781E+01
           ESPe = -2.9374400866E+01     ESPe at Nucleus = -2.9374400005E+01
           ESPn =  1.4881154095E+01     ESPn at Nucleus =  1.4881153225E+01

CP# 2      Coords =  2.33941000152929E+00 -8.73462053041439E-03  1.18982970997211E+00
           Type = (3,-3) NACP C2
           Rho =  1.2069384267E+02     Rho at Nucleus =  1.2069384259E+02
           GradRho = -4.9244019973E-10 -3.1006273937E-13 -3.8529301971E-10
           HessRho_EigVals = -2.4738574725E+05 -2.4738574407E+05 -2.4738533334E+05
           HessRho_EigVec1 = -9.1475810358E-02  9.7858768120E-01  1.8438635068E-01
           HessRho_EigVec2 = -4.4418732988E-01 -2.0581929083E-01  8.7197249698E-01
           HessRho_EigVec3 =  8.9125181183E-01 -2.1376900036E-03  4.5350373559E-01
           DelSqRho = -7.4215682466E+05
           Bond Ellipticity = NA
           V = -1.8555326248E+05
           G =  7.0281574527E+00
           K =  1.8554623432E+05
           L =  1.8553920616E+05
           Vnuc =  7.4253526340E+06
           Ven = -8.9619434258E+08
           Vrep =  8.9600878932E+08
           DelSqV =  1.1161709671E+10
           DelSqVen =  5.5107760947E+12
           DelSqVrep = -5.4996143850E+12
           DelSqG =  3.8032745809E+08
           DelSqK = -1.1542037129E+10
           Stress_EigVals = -6.1851159341E+04 -6.1851065876E+04 -6.1851037262E+04
           Stress_EigVec1 =  8.0028659002E-01 -4.1121166982E-03  5.9960358933E-01
           Stress_EigVec2 = -5.9955809683E-01  8.6101490665E-03  8.0028492042E-01
           Stress_EigVec3 =  8.4535412695E-03  9.9995447688E-01 -4.4251339745E-03
           -DivStress =  2.2639596153E+03  1.9548800286E+00  1.9033511396E+03
           ESP =  -1.4471557568E+01     ESP at Nucleus =  -1.4471557583E+01
           ESPe = -3.0013238776E+01     ESPe at Nucleus = -3.0013237555E+01
           ESPn =  1.5541681207E+01     ESPn at Nucleus =  1.5541679971E+01

CP# 3      Coords = -2.33941300164878E+00  7.13034890207360E-03  1.18985036065021E+00
           Type = (3,-3) NACP C3
           Rho =  1.2069383410E+02     Rho at Nucleus =  1.2069383402E+02
           GradRho =  5.0871340473E-10 -8.9891982746E-13 -3.7404149222E-10
           HessRho_EigVals = -2.4738574416E+05 -2.4738574103E+05 -2.4738532996E+05
           HessRho_EigVec1 = -2.5957353681E-02  9.9816637614E-01 -5.4681818976E-02
           HessRho_EigVec2 =  4.5289534758E-01  6.0506834459E-02  8.8950813775E-01
           HessRho_EigVec3 =  8.9118573818E-01 -1.6758640772E-03 -4.5363550517E-01
           DelSqRho = -7.4215681515E+05
           Bond Ellipticity = NA
           V = -1.8555326011E+05
           G =  7.0281610110E+00
           K =  1.8554623195E+05
           L =  1.8553920379E+05
           Vnuc =  7.4302000754E+06
           Ven = -8.9677933527E+08
           Vrep =  8.9659378201E+08
           DelSqV =  1.1161709578E+10
           DelSqVen =  5.5143742833E+12
           DelSqVrep = -5.5032125737E+12
           DelSqG =  3.8032747476E+08
           DelSqK = -1.1542037052E+10
           Stress_EigVals = -6.1851158523E+04 -6.1851065096E+04 -6.1851036491E+04
           Stress_EigVec1 =  8.0024020142E-01 -1.9645361148E-03 -5.9967637991E-01
           Stress_EigVec2 =  5.9964505933E-01 -8.1110214544E-03  8.0022497721E-01
           Stress_EigVec3 =  6.4360588509E-03  9.9996517536E-01  5.3127410673E-03
           -DivStress = -2.2634917877E+03  4.0188864892E+00  1.9008788106E+03
           ESP =  -1.4471557236E+01     ESP at Nucleus =  -1.4471557251E+01
           ESPe = -3.0013229188E+01     ESPe at Nucleus = -3.0013227968E+01
           ESPn =  1.5541671952E+01     ESPn at Nucleus =  1.5541670717E+01

CP# 4      Coords =  2.38730705400296E+00 -2.44100101864253E+00 -3.58234126332825E-01
           Type = (3,-3) NACP C4
           Rho =  1.2071466024E+02     Rho at Nucleus =  1.2071466022E+02
           GradRho = -2.5687230121E-12  6.9090566601E-12 -1.4582446362E-11
           HessRho_EigVals = -2.4741993105E+05 -2.4741971719E+05 -2.4741933891E+05
           HessRho_EigVec1 = -5.0146355630E-01 -5.5958653930E-01 -6.5984635085E-01
           HessRho_EigVec2 =  7.4529046527E-01 -6.6673922063E-01 -9.6645847984E-04
           HessRho_EigVec3 = -4.3940462455E-01 -4.9226183754E-01  7.5139993294E-01
           DelSqRho = -7.4225898715E+05
           Bond Ellipticity = NA
           V = -1.8557898528E+05
           G =  7.1192464278E+00
           K =  1.8557186603E+05
           L =  1.8556474679E+05
           Vnuc =  1.5108317431E+07
           Ven = -1.8237954055E+09
           Vrep =  1.8236098265E+09
           DelSqV =  1.1163213560E+10
           DelSqVen =  1.1214279148E+13
           DelSqVrep = -1.1203115934E+13
           DelSqG =  3.8036707435E+08
           DelSqK = -1.1543580634E+10
           Stress_EigVals = -6.1859741195E+04 -6.1859640649E+04 -6.1859603436E+04
           Stress_EigVec1 = -4.1933555706E-01 -3.8938564051E-01  8.2008323574E-01
           Stress_EigVec2 = -7.2084981716E-01  6.9193284262E-01 -4.0055990772E-02
           Stress_EigVec3 =  5.5184529687E-01  6.0795375175E-01  5.7084061178E-01
           -DivStress =  1.1252325949E+03 -8.8861327676E+02  2.7981196304E+02
           ESP =  -1.4497930244E+01     ESP at Nucleus =  -1.4497930253E+01
           ESPe = -2.8791617103E+01     ESPe at Nucleus = -2.8791616453E+01
           ESPn =  1.4293686859E+01     ESPn at Nucleus =  1.4293686200E+01

CP# 5      Coords = -2.40335660184133E+00 -2.42464490779171E+00 -3.58513940473122E-01
           Type = (3,-3) NACP C5
           Rho =  1.2071389572E+02     Rho at Nucleus =  1.2071389570E+02
           GradRho =  1.0618561586E-11 -2.8212571168E-12 -6.9567684946E-12
           HessRho_EigVals = -2.4741751089E+05 -2.4741729562E+05 -2.4741691846E+05
           HessRho_EigVec1 = -4.9781700871E-01  5.6535419089E-01  6.5768751294E-01
           HessRho_EigVec2 = -7.5112405025E-01 -6.6016023424E-01 -1.0612528898E-03
           HessRho_EigVec3 =  4.3357915883E-01 -4.9453321826E-01  7.5329012277E-01
           DelSqRho = -7.4225172497E+05
           Bond Ellipticity = NA
           V = -1.8557717018E+05
           G =  7.1194688616E+00
           K =  1.8557005071E+05
           L =  1.8556293124E+05
           Vnuc =  1.5362933598E+07
           Ven = -1.8545195643E+09
           Vrep =  1.8543339872E+09
           DelSqV =  1.1163102380E+10
           DelSqVen =  1.1403148657E+13
           DelSqVrep = -1.1391985554E+13
           DelSqG =  3.8036203836E+08
           DelSqK = -1.1543464418E+10
           Stress_EigVals = -6.1859136078E+04 -6.1859035465E+04 -6.1858998638E+04
           Stress_EigVec1 =  4.1730609764E-01 -3.9455531894E-01  8.1864627353E-01
           Stress_EigVec2 =  7.2787691096E-01  6.8447211369E-01 -4.1147637560E-02
           Stress_EigVec3 =  5.4410552595E-01 -6.1304488080E-01 -5.7282209346E-01
           -DivStress = -1.0966433602E+03 -8.9163516776E+02  2.5846493832E+02
           ESP =  -1.4497913588E+01     ESP at Nucleus =  -1.4497913597E+01
           ESPe = -2.8791945754E+01     ESPe at Nucleus = -2.8791945112E+01
           ESPn =  1.4294032167E+01     ESPn at Nucleus =  1.4294031515E+01

CP# 6      Coords =  2.40353650588686E+00  2.42718214935694E+00 -3.52033558471016E-01
           Type = (3,-3) NACP C6
           Rho =  1.2071354282E+02     Rho at Nucleus =  1.2071354280E+02
           GradRho = -7.9819817422E-11 -1.3885587125E-11 -1.3989143177E-11
           HessRho_EigVals = -2.4741644207E+05 -2.4741622623E+05 -2.4741584944E+05
           HessRho_EigVec1 = -4.9838903828E-01  5.6778728450E-01 -6.5515339127E-01
           HessRho_EigVec2 = -7.5125706708E-01 -6.6000952300E-01 -4.9870403550E-04
           HessRho_EigVec3 = -4.3269063507E-01  4.9194006659E-01  7.5549572150E-01
           DelSqRho = -7.4224851773E+05
           Bond Ellipticity = NA
           V = -1.8557636850E+05
           G =  7.1195349463E+00
           K =  1.8556924897E+05
           L =  1.8556212943E+05
           Vnuc =  1.5538638663E+07
           Ven = -1.8757241236E+09
           Vrep =  1.8755385472E+09
           DelSqV =  1.1163053327E+10
           DelSqVen =  1.1533522305E+13
           DelSqVrep = -1.1522359252E+13
           DelSqG =  3.8035986489E+08
           DelSqK = -1.1543413192E+10
           Stress_EigVals = -6.1858868914E+04 -6.1858768245E+04 -6.1858731344E+04
           Stress_EigVec1 = -4.1668422540E-01  3.9310377977E-01  8.1966070702E-01
           Stress_EigVec2 =  7.2883570832E-01  6.8335073364E-01  4.2781831503E-02
           Stress_EigVec3 =  5.4329804581E-01 -6.1522450630E-01  5.7124954290E-01
           -DivStress =  1.0819267178E+03  8.8591289303E+02  2.5118478494E+02
           ESP =  -1.4497902831E+01     ESP at Nucleus =  -1.4497902840E+01
           ESPe = -2.8791868944E+01     ESPe at Nucleus = -2.8791868308E+01
           ESPn =  1.4293966113E+01     ESPn at Nucleus =  1.4293965468E+01

CP# 7      Coords = -2.38747938858971E+00  2.44353931076142E+00 -3.51728073089736E-01
           Type = (3,-3) NACP C7
           Rho =  1.2071433171E+02     Rho at Nucleus =  1.2071433169E+02
           GradRho =  4.3994141663E-11 -8.8412582810E-11 -1.1371292796E-11
           HessRho_EigVals = -2.4741890844E+05 -2.4741869421E+05 -2.4741831614E+05
           HessRho_EigVec1 = -5.0202262056E-01 -5.6202197827E-01  6.5734662423E-01
           HessRho_EigVec2 =  7.4542698821E-01 -6.6658698311E-01 -6.3182019657E-04
           HessRho_EigVec3 =  4.3853379994E-01  4.8968672628E-01  7.5358809466E-01
           DelSqRho = -7.4225591879E+05
           Bond Ellipticity = NA
           V = -1.8557821827E+05
           G =  7.1192883167E+00
           K =  1.8557109899E+05
           L =  1.8556397970E+05
           Vnuc =  1.5318035257E+07
           Ven = -1.8491063892E+09
           Vrep =  1.8489208110E+09
           DelSqV =  1.1163166569E+10
           DelSqVen =  1.1369900409E+13
           DelSqVrep = -1.1358737242E+13
           DelSqG =  3.8036496531E+08
           DelSqK = -1.1543531534E+10
           Stress_EigVals = -6.1859485600E+04 -6.1859384977E+04 -6.1859347698E+04
           Stress_EigVec1 =  4.1878179433E-01  3.8765189635E-01  8.2118683380E-01
           Stress_EigVec2 = -7.2194437634E-01  6.9066718724E-01  4.2132575717E-02
           Stress_EigVec3 =  5.5083402782E-01  6.1049557224E-01 -5.6910195050E-01
           -DivStress = -1.1085279602E+03  8.8083554504E+02  2.6802338302E+02
           ESP =  -1.4497921217E+01     ESP at Nucleus =  -1.4497921226E+01
           ESPe = -2.8791542562E+01     ESPe at Nucleus = -2.8791541919E+01
           ESPn =  1.4293621345E+01     ESPn at Nucleus =  1.4293620693E+01

CP# 8      Coords = -9.62448440608993E-03 -2.91520455708811E+00 -1.88764874950021E+00
           Type = (3,-3) NACP C8
           Rho =  1.2070837205E+02     Rho at Nucleus =  1.2070837203E+02
           GradRho =  1.2420928001E-12  4.4149572886E-11  9.4251689786E-11
           HessRho_EigVals = -2.4741588118E+05 -2.4741552135E+05 -2.4741503435E+05
           HessRho_EigVec1 =  9.9999136797E-01 -4.1549914288E-03 -4.7294083821E-06
           HessRho_EigVec2 =  1.7168046554E-03  4.1215026163E-01  9.1111427078E-01
           HessRho_EigVec3 =  3.7837227588E-03  9.1110641414E-01 -4.1215383725E-01
           DelSqRho = -7.4224643688E+05
           Bond Ellipticity = NA
           V = -1.8557590019E+05
           G =  7.1454864377E+00
           K =  1.8556875471E+05
           L =  1.8556160922E+05
           Vnuc =  1.3554285036E+07
           Ven = -1.6361156809E+09
           Vrep =  1.6359301050E+09
           DelSqV =  1.1163055164E+10
           DelSqVen =  1.0060623249E+13
           DelSqVrep = -1.0049460194E+13
           DelSqG =  3.8037416095E+08
           DelSqK = -1.1543429325E+10
           Stress_EigVals = -6.1858738010E+04 -6.1858606480E+04 -6.1858555703E+04
           Stress_EigVec1 =  2.8189939776E-03  9.1902948006E-01 -3.9417872603E-01
           Stress_EigVec2 = -8.2575928158E-04  3.9418229721E-01  9.1903190080E-01
           Stress_EigVec3 =  9.9999568569E-01 -2.2652486519E-03  1.8700946451E-03
           -DivStress = -2.0404861548E+01 -3.7778279231E+02 -1.5852351056E+03
           ESP =  -1.4500622067E+01     ESP at Nucleus =  -1.4500622079E+01
           ESPe = -2.8669862772E+01     ESPe at Nucleus = -2.8669862134E+01
           ESPn =  1.4169240705E+01     ESPn at Nucleus =  1.4169240055E+01

CP# 9      Coords =  9.63179482597349E-03  2.92251992893629E+00 -1.87945162104214E+00
           Type = (3,-3) NACP C9
           Rho =  1.2070874926E+02     Rho at Nucleus =  1.2070874924E+02
           GradRho = -9.9848926870E-13  2.3590018827E-12  9.6896601853E-11
           HessRho_EigVals = -2.4741684891E+05 -2.4741648599E+05 -2.4741599990E+05
           HessRho_EigVec1 =  9.9999111518E-01 -4.2092579009E-03  2.2738859338E-04
           HessRho_EigVec2 = -1.9574307081E-03 -4.1589851258E-01  9.0940892656E-01
           HessRho_EigVec3 =  3.7333661315E-03  9.0940129172E-01  4.1590305672E-01
           DelSqRho = -7.4224933481E+05
           Bond Ellipticity = NA
           V = -1.8557662483E+05
           G =  7.1455658621E+00
           K =  1.8556947927E+05
           L =  1.8556233370E+05
           Vnuc =  1.3613701620E+07
           Ven = -1.6432928954E+09
           Vrep =  1.6431073188E+09
           DelSqV =  1.1163099102E+10
           DelSqVen =  1.0104747327E+13
           DelSqVrep = -1.0093584228E+13
           DelSqG =  3.8037594268E+08
           DelSqK = -1.1543475044E+10
           Stress_EigVals = -6.1858979640E+04 -6.1858847699E+04 -6.1858797495E+04
           Stress_EigVec1 =  2.9682874578E-03  9.1789318720E-01  3.9681643887E-01
           Stress_EigVec2 =  6.0195321664E-04 -3.9681975519E-01  9.1789635556E-01
           Stress_EigVec3 =  9.9999541345E-01 -2.4857153079E-03 -1.7304038589E-03
           -DivStress =  1.8855280159E+01  3.7115486982E+02 -1.5796028773E+03
           ESP =  -1.4500630801E+01     ESP at Nucleus =  -1.4500630812E+01
           ESPe = -2.8669597950E+01     ESPe at Nucleus = -2.8669597317E+01
           ESPn =  1.4168967149E+01     ESPn at Nucleus =  1.4168966505E+01

CP# 10     Coords = -5.55824645514688E-03 -1.64030240212826E+00  4.05840702707054E+00
           Type = (3,-3) NACP H10
           Rho =  4.2666298680E-01     Rho at Nucleus =  4.2283695957E-01
           GradRho =  1.4108180769E-17  2.9941327195E-15  1.5248219354E-15
           HessRho_EigVals = -8.4546612327E+00 -8.4523666927E+00 -7.6936522447E+00
           HessRho_EigVec1 =  9.9999593525E-01 -2.7089697567E-03  8.8936808980E-04
           HessRho_EigVec2 =  9.0796215904E-04  5.9824287448E-01  8.0131431956E-01
           HessRho_EigVec3 =  2.7027943798E-03  8.0131025490E-01 -5.9824290241E-01
           DelSqRho = -2.4600680170E+01
           Bond Ellipticity = NA
           V = -6.1667897524E+00
           G =  8.3098549229E-03
           K =  6.1584798974E+00
           L =  6.1501700425E+00
           Vnuc =  4.6685430126E+01
           Ven = -1.9918945058E+01
           Vrep =  1.3752155305E+01
           DelSqV =  1.5804600638E+03
           DelSqVen =  1.1484933351E+03
           DelSqVrep =  4.3196672864E+02
           DelSqG =  1.1874323119E+02
           DelSqK = -1.6992032950E+03
           Stress_EigVals = -2.1204152533E+00 -2.1195362794E+00 -1.9268382197E+00
           Stress_EigVec1 =  9.9999463827E-01 -3.2719462348E-03  1.3343080572E-04
           Stress_EigVec2 =  1.8481926124E-03  5.9755592914E-01  8.0182510296E-01
           Stress_EigVec3 =  2.7032609957E-03  8.0182055718E-01 -5.9755877239E-01
           -DivStress = -4.2904236241E-02 -1.2721786703E+01  9.5207108353E+00
           ESP =  -9.1778956696E-01     ESP at Nucleus =  -9.2003663923E-01
           ESPe = -1.5316740186E+01     ESPe at Nucleus = -1.5231259907E+01
           ESPn =  1.4398950619E+01     ESPn at Nucleus =  1.4311223268E+01

CP# 11     Coords =  5.56153152619899E-03  1.63167564760082E+00  4.06234889942218E+00
           Type = (3,-3) NACP H11
           Rho =  4.2665700431E-01     Rho at Nucleus =  4.2283078311E-01
           GradRho = -9.1208507760E-18 -2.0747292773E-15 -4.8728382440E-15
           HessRho_EigVals = -8.4544094471E+00 -8.4521386858E+00 -7.6934052344E+00
           HessRho_EigVec1 =  9.9999383053E-01 -3.5087717108E-03  1.6561091873E-04
           HessRho_EigVec2 = -2.2383561187E-03 -6.0017463740E-01  7.9986586025E-01
           HessRho_EigVec3 =  2.7071512298E-03  7.9986129619E-01  6.0017878852E-01
           DelSqRho = -2.4599953367E+01
           Bond Ellipticity = NA
           V = -6.1666107673E+00
           G =  8.3112127116E-03
           K =  6.1582995545E+00
           L =  6.1499883418E+00
           Vnuc =  4.6684526444E+01
           Ven = -1.9918280200E+01
           Vrep =  1.3751669433E+01
           DelSqV =  1.5804072641E+03
           DelSqVen =  1.1484371735E+03
           DelSqVrep =  4.3197009066E+02
           DelSqG =  1.1873802232E+02
           DelSqK = -1.6991452865E+03
           Stress_EigVals = -2.1203522617E+00 -2.1194800678E+00 -1.9267784377E+00
           Stress_EigVec1 =  9.9999314828E-01 -3.6806483964E-03  3.9525819596E-04
           Stress_EigVec2 = -2.5229017921E-03 -5.9949488320E-01  8.0037461228E-01
           Stress_EigVec3 =  2.7089422672E-03  8.0037012553E-01  5.9950006154E-01
           -DivStress =  4.2986428947E-02  1.2698698219E+01  9.5516560041E+00
           ESP =  -9.1777884173E-01     ESP at Nucleus =  -9.2002604023E-01
           ESPe = -1.5317114912E+01     ESPe at Nucleus = -1.5231633342E+01
           ESPn =  1.4399336070E+01     ESPn at Nucleus =  1.4311607301E+01

CP# 12     Coords =  3.98939058835947E+00 -1.56298792856519E-02  2.36995197114894E+00
           Type = (3,-3) NACP H12
           Rho =  4.3076144676E-01     Rho at Nucleus =  4.2691362920E-01
           GradRho = -2.7321894747E-15  8.8362477058E-18 -2.6662699826E-15
           HessRho_EigVals = -8.5406266453E+00 -8.5390604643E+00 -7.7725394811E+00
           HessRho_EigVec1 =  3.6018479699E-03  9.9999318846E-01  8.0606073961E-04
           HessRho_EigVec2 = -5.8243865588E-01  1.4426399995E-03  8.1287337940E-01
           HessRho_EigVec3 =  8.1286667962E-01 -3.3973272651E-03  5.8243988474E-01
           DelSqRho = -2.4852226591E+01
           Bond Ellipticity = NA
           V = -6.2299741426E+00
           G =  8.4587474679E-03
           K =  6.2215153951E+00
           L =  6.2130566477E+00
           Vnuc =  4.6647423210E+01
           Ven = -2.0093911509E+01
           Vrep =  1.3863937367E+01
           DelSqV =  1.5968021403E+03
           DelSqVen =  1.1592923315E+03
           DelSqVrep =  4.3750980886E+02
           DelSqG =  1.2003396181E+02
           DelSqK = -1.7168361022E+03
           Stress_EigVals = -2.1417520707E+00 -2.1415648516E+00 -1.9466572203E+00
           Stress_EigVec1 =  4.9122481041E-03  9.9998740514E-01 -1.0292579416E-03
           Stress_EigVec2 = -5.8239662749E-01  3.6976033367E-03  8.1289636241E-01
           Stress_EigVec3 =  8.1288992988E-01 -3.3937122611E-03  5.8240745583E-01
           -DivStress =  1.3014189983E+01 -5.4134162595E-02  9.3345427875E+00
           ESP =  -9.2416318699E-01     ESP at Nucleus =  -9.2654119455E-01
           ESPe = -1.5214470962E+01     ESPe at Nucleus = -1.5121514404E+01
           ESPn =  1.4290307775E+01     ESPn at Nucleus =  1.4194973210E+01

CP# 13     Coords = -3.98940269964847E+00  1.07568160799895E-02  2.36996925519225E+00
           Type = (3,-3) NACP H13
           Rho =  4.3076139215E-01     Rho at Nucleus =  4.2691353371E-01
           GradRho =  4.4634435037E-15 -3.7947076037E-18 -4.0228237408E-15
           HessRho_EigVals = -8.5405826203E+00 -8.5390148080E+00 -7.7724835597E+00
           HessRho_EigVec1 =  3.5206933485E-03  9.9999208863E-01  1.8513207519E-03
           HessRho_EigVec2 =  5.8243883584E-01 -3.5554937557E-03  8.1286675474E-01
           HessRho_EigVec3 =  8.1286690622E-01 -1.7835734732E-03 -5.8244674576E-01
           DelSqRho = -2.4852080988E+01
           Bond Ellipticity = NA
           V = -6.2299396753E+00
           G =  8.4597141796E-03
           K =  6.2214799612E+00
           L =  6.2130202470E+00
           Vnuc =  4.6647144381E+01
           Ven = -2.0093788853E+01
           Vrep =  1.3863849178E+01
           DelSqV =  1.5967906081E+03
           DelSqVen =  1.1592786100E+03
           DelSqVrep =  4.3751199808E+02
           DelSqG =  1.2003260328E+02
           DelSqK = -1.7168232114E+03
           Stress_EigVals = -2.1417425463E+00 -2.1415537446E+00 -1.9466433844E+00
           Stress_EigVec1 =  4.9933753318E-03  9.9997988385E-01  3.9112782716E-03
           Stress_EigVec2 =  5.8239612735E-01 -6.0876539319E-03  8.1288233547E-01
           Stress_EigVec3 =  8.1288979391E-01 -1.7811132832E-03 -5.8241480973E-01
           -DivStress = -1.3014217984E+01  2.8384330132E-02  9.3346571458E+00
           ESP =  -9.2416452361E-01     ESP at Nucleus =  -9.2654259048E-01
           ESPe = -1.5214471400E+01     ESPe at Nucleus = -1.5121514008E+01
           ESPn =  1.4290306876E+01     ESPn at Nucleus =  1.4194971417E+01

CP# 14     Coords =  4.00173969898316E+00 -2.45998850100284E+00 -1.58355916475732E+00
           Type = (3,-3) NACP H14
           Rho =  4.2707614005E-01     Rho at Nucleus =  4.2321234301E-01
           GradRho = -2.9629076970E-15  7.7195194681E-16  2.1840168563E-15
           HessRho_EigVals = -8.4652638016E+00 -8.4636454030E+00 -7.6979353113E+00
           HessRho_EigVec1 =  5.6188132382E-01  3.7382184304E-01  7.3793401304E-01
           HessRho_EigVec2 = -2.1316839571E-01  9.2737166551E-01 -3.0747524955E-01
           HessRho_EigVec3 =  7.9928005918E-01 -1.5460390560E-02 -6.0075982166E-01
           DelSqRho = -2.4626844516E+01
           Bond Ellipticity = NA
           V = -6.1732782328E+00
           G =  8.2835519122E-03
           K =  6.1649946809E+00
           L =  6.1567111290E+00
           Vnuc =  4.5917640532E+01
           Ven = -1.9610328679E+01
           Vrep =  1.3437050446E+01
           DelSqV =  1.5817206568E+03
           DelSqVen =  1.1308065939E+03
           DelSqVrep =  4.5091406287E+02
           DelSqG =  1.1888263927E+02
           DelSqK = -1.7006032960E+03
           Stress_EigVals = -2.1229534870E+00 -2.1225795891E+00 -1.9277451568E+00
           Stress_EigVec1 =  5.7557834377E-01  3.0654820516E-01  7.5811461409E-01
           Stress_EigVec2 = -1.7325397325E-01  9.5174543453E-01 -2.5330552423E-01
           Stress_EigVec3 =  7.9918247662E-01 -1.4450805034E-02 -6.0091475543E-01
           -DivStress =  1.2767393674E+01 -2.4112845297E-01 -9.6040768935E+00
           ESP =  -9.2653019931E-01     ESP at Nucleus =  -9.2879284085E-01
           ESPe = -1.4701506028E+01     ESPe at Nucleus = -1.4616478463E+01
           ESPn =  1.3774975829E+01     ESPn at Nucleus =  1.3687685622E+01

CP# 15     Coords =  2.63022204817292E+00 -3.97760327655793E+00  9.46721708244215E-01
           Type = (3,-3) NACP H15
           Rho =  4.2751090939E-01     Rho at Nucleus =  4.2369813175E-01
           GradRho =  1.6974269212E-15  1.1349428342E-15 -5.0372032934E-16
           HessRho_EigVals = -8.4794349377E+00 -8.4757958569E+00 -7.7186779593E+00
           HessRho_EigVec1 =  4.9402704680E-01  6.0654281032E-01  6.2293105259E-01
           HessRho_EigVec2 =  8.6011408759E-01 -2.3625001395E-01 -4.5209477683E-01
           HessRho_EigVec3 = -1.2704736661E-01  7.5913882140E-01 -6.3840991258E-01
           DelSqRho = -2.4673908754E+01
           Bond Ellipticity = NA
           V = -6.1852708439E+00
           G =  8.3968277340E-03
           K =  6.1768740162E+00
           L =  6.1684771885E+00
           Vnuc =  4.6409237074E+01
           Ven = -1.9840455146E+01
           Vrep =  1.3655184302E+01
           DelSqV =  1.5855707492E+03
           DelSqVen =  1.1450972809E+03
           DelSqVrep =  4.4047346834E+02
           DelSqG =  1.1921518889E+02
           DelSqK = -1.7047859381E+03
           Stress_EigVals = -2.1265770509E+00 -2.1256274891E+00 -1.9330663039E+00
